# table produced by calculations.DamageProfiler
# using mapped file ERR1014019_rmdup.bam
# Sample ID: ERR1014019_rmdup.bam
Pos	C>T	G>A	A>C	A>G	A>T	C>A	C>G	G>C	G>T	T>A	T>C	T>G	->ACGT	ACGT>-
14	0.001564	0.001472	0.001601	0.002134	0.001067	0.001564	0.000782	0.002208	0.000368	0.001096	0.001644	0.001644	0.008024	0.000000
13	0.002883	0.001180	0.000487	0.001946	0.000973	0.000412	0.001647	0.001573	0.001180	0.001639	0.004918	0.001639	0.012308	0.000000
12	0.002422	0.000756	0.001034	0.006205	0.000000	0.001211	0.003633	0.003404	0.001135	0.000583	0.004082	0.002915	0.010490	0.000000
11	0.002360	0.002390	0.002182	0.006001	0.001637	0.003147	0.004327	0.004382	0.001195	0.001704	0.003975	0.003407	0.011797	0.000000
10	0.002035	0.001988	0.002723	0.003268	0.003268	0.001221	0.004884	0.002386	0.001590	0.001743	0.005230	0.002905	0.011490	0.000000
9	0.002464	0.002424	0.005119	0.004551	0.001138	0.003285	0.002464	0.003232	0.002020	0.001772	0.004135	0.001772	0.012917	0.000000
8	0.003006	0.000847	0.003324	0.004986	0.003878	0.000429	0.004294	0.002542	0.001695	0.002367	0.003550	0.004734	0.016740	0.000000
7	0.001286	0.003439	0.001168	0.002919	0.002335	0.001715	0.004286	0.002580	0.000860	0.001209	0.003628	0.001209	0.014702	0.000000
6	0.000870	0.001767	0.003464	0.003464	0.000577	0.002610	0.003915	0.002208	0.002650	0.000656	0.005906	0.006562	0.017905	0.000000
5	0.003641	0.000917	0.000597	0.007761	0.002388	0.002276	0.004096	0.003208	0.003208	0.001235	0.001852	0.001852	0.016289	0.000000
4	0.000890	0.004100	0.003720	0.004340	0.000620	0.000445	0.000445	0.001822	0.000911	0.002039	0.004079	0.002039	0.016343	0.000000
3	0.000880	0.001887	0.001222	0.004887	0.001222	0.000880	0.000880	0.001887	0.000000	0.000702	0.001404	0.002105	0.013684	0.000000
2	0.002379	0.000914	0.004397	0.001256	0.001256	0.004282	0.002379	0.004111	0.000457	0.000681	0.004087	0.002044	0.000000	0.000000
1	0.008466	0.005181	0.007859	0.008513	0.001965	0.008964	0.009462	0.010363	0.002826	0.002155	0.009339	0.008621	0.000000	0.000000
0	0.019510	0.014202	0.019986	0.025500	0.015851	0.024955	0.019510	0.024976	0.012243	0.019217	0.021434	0.029564	0.000000	0.000000
