# table produced by calculations.DamageProfiler
# using mapped file ERR1014019_rmdup.bam
# Sample ID: ERR1014019_rmdup.bam
Pos	C>T	G>A	A>C	A>G	A>T	C>A	C>G	G>C	G>T	T>A	T>C	T>G	->ACGT	ACGT>-
0	0.004413	0.003805	0.004283	0.002570	0.002141	0.003861	0.001379	0.003113	0.003459	0.003797	0.005221	0.000949	0.000000	0.000000
1	0.003394	0.001618	0.000434	0.001738	0.000869	0.000309	0.000926	0.001941	0.000324	0.000860	0.004731	0.000860	0.000000	0.000000
2	0.001145	0.000339	0.000456	0.004102	0.000000	0.000000	0.000573	0.002033	0.000000	0.000834	0.002084	0.000417	0.000000	0.000000
3	0.000606	0.001000	0.000000	0.002979	0.000426	0.000000	0.000000	0.000666	0.000333	0.000000	0.001647	0.000823	0.000271	0.000000
4	0.001225	0.002562	0.000000	0.002999	0.000000	0.000306	0.000306	0.000961	0.000320	0.000000	0.001264	0.000000	0.000270	0.000000
5	0.001245	0.000641	0.000436	0.000872	0.000436	0.000311	0.000622	0.000320	0.000000	0.000000	0.002024	0.000810	0.001261	0.000000
6	0.001237	0.001552	0.000000	0.001744	0.000000	0.000000	0.000618	0.001241	0.000000	0.000000	0.002101	0.000840	0.000539	0.000000
7	0.001465	0.000637	0.000891	0.001783	0.000446	0.000586	0.000586	0.000319	0.000319	0.000423	0.001270	0.000000	0.000717	0.000000
8	0.001821	0.002532	0.000439	0.002632	0.000439	0.000303	0.000303	0.000633	0.001266	0.000000	0.000409	0.000000	0.000894	0.000000
9	0.001515	0.000930	0.000000	0.002625	0.000000	0.000606	0.000909	0.000000	0.000620	0.000418	0.002090	0.000836	0.000982	0.000000
10	0.002134	0.001257	0.000422	0.003794	0.000422	0.000610	0.000305	0.000314	0.000000	0.001257	0.003351	0.000000	0.001337	0.000000
11	0.002094	0.000619	0.000428	0.000857	0.000000	0.000897	0.000598	0.000000	0.000309	0.000000	0.001708	0.000427	0.001244	0.000000
12	0.001502	0.001582	0.000415	0.002074	0.000000	0.000000	0.001201	0.000949	0.000316	0.000000	0.003412	0.000853	0.002045	0.000000
13	0.002451	0.000629	0.000000	0.002053	0.000411	0.000919	0.000613	0.000000	0.000315	0.000000	0.001259	0.000420	0.001687	0.000000
14	0.001525	0.002140	0.000000	0.002950	0.000000	0.000305	0.001220	0.001223	0.000306	0.000000	0.001273	0.000849	0.000887	0.000000
