# table produced by calculations.DamageProfiler
# using mapped file ERR1014019_rmdup.bam
# Sample ID: ERR1014019_rmdup.bam
End	Std	Pos	A	C	G	T	Total
3p	+	1	1246	1749	1791	1011	5797
3p	+	2	1378	1546	1799	1074	5797
3p	+	3	1432	1569	1722	1074	5797
3p	+	4	1393	1826	1596	982	5797
3p	+	5	1150	1967	1638	1042	5797
3p	+	6	1218	1766	1640	1173	5797
3p	+	7	1249	1705	1700	1143	5797
3p	+	8	1233	1647	1641	1276	5797
3p	+	9	1270	1660	1750	1117	5797
3p	+	10	1334	1645	1692	1126	5797
3p	+	11	1296	1602	1803	1096	5797
3p	+	12	1280	1581	1767	1169	5797
3p	+	13	1268	1583	1870	1076	5797
3p	+	14	1309	1552	1740	1196	5797
3p	+	15	1177	1710	1805	1105	5797
3p	+	16	1294	1599	1865	1039	5797
3p	+	17	1395	1448	1793	1161	5797
3p	+	18	1357	1615	1705	1120	5797
3p	+	19	1368	1460	1769	1200	5797
3p	+	20	1488	1478	1627	1204	5797
3p	+	21	1290	1651	1733	1123	5797
3p	+	22	1397	1640	1628	1132	5797
3p	+	23	1327	1655	1628	1187	5797
3p	+	24	1293	1791	1608	1105	5797
3p	+	25	1252	1863	1557	1125	5797
3p	+	26	1274	1778	1618	1127	5797
3p	+	27	1256	1725	1731	1085	5797
3p	+	28	1193	1723	1767	1114	5797
3p	+	29	1221	1687	1709	1180	5797
3p	+	30	1259	1781	1606	1151	5797
3p	+	31	1276	1844	1573	1104	5797
3p	+	32	1241	1746	1719	1091	5797
3p	+	33	1228	1800	1661	1108	5797
3p	+	34	1241	1777	1605	1174	5797
3p	+	35	1259	1726	1642	1170	5797
3p	+	36	1335	1667	1630	1165	5797
3p	+	37	1321	1611	1593	1272	5797
3p	+	38	1284	1706	1596	1211	5797
3p	+	39	1368	1613	1582	1234	5797
3p	+	40	1295	1611	1703	1188	5797
3p	+	41	1293	1610	1664	1230	5797
3p	+	42	1297	1625	1695	1180	5797
3p	+	43	1263	1616	1719	1199	5797
3p	+	44	1267	1649	1651	1230	5797
3p	+	45	1306	1579	1712	1200	5797
3p	+	46	1281	1689	1649	1178	5797
3p	+	47	1265	1642	1718	1172	5797
3p	+	48	1294	1544	1748	1211	5797
3p	+	49	1230	1648	1635	1284	5797
3p	+	50	1212	1656	1621	1308	5797
3p	+	51	1179	1603	1727	1266	5775
3p	+	52	1188	1630	1707	1229	5754
3p	+	53	1167	1626	1652	1281	5726
3p	+	54	1286	1552	1643	1224	5705
3p	+	55	1137	1616	1632	1292	5677
3p	+	56	1244	1568	1637	1204	5653
3p	+	57	1293	1606	1576	1150	5625
3p	+	58	1245	1577	1581	1205	5608
3p	+	59	1232	1569	1601	1182	5584
3p	+	60	1268	1524	1609	1160	5561
3p	+	61	1168	1655	1579	1138	5540
3p	+	62	1200	1540	1643	1133	5516
3p	+	63	1195	1496	1635	1166	5492
3p	+	64	1163	1519	1599	1187	5468
3p	+	65	1166	1479	1655	1144	5444
3p	+	66	1226	1479	1649	1064	5418
3p	+	67	1158	1514	1596	1138	5406
3p	+	68	1256	1494	1513	1125	5388
3p	+	69	1122	1505	1602	1138	5367
3p	+	70	1189	1412	1630	1115	5346
3p	+	71	1185	1458	1568	1110	5321
3p	+	72	1166	1463	1548	1125	5302
3p	+	73	1202	1475	1516	1089	5282
3p	+	74	1187	1425	1537	1109	5258
3p	+	75	1136	1437	1516	1134	5223
3p	+	76	1152	1391	1561	1089	5193
3p	+	77	1155	1365	1524	1123	5167
3p	+	78	1106	1365	1510	1161	5142
3p	+	79	1119	1438	1480	1068	5105
3p	+	80	1129	1415	1464	1059	5067
3p	+	81	1139	1336	1489	1076	5040
3p	+	82	1087	1269	1563	1096	5015
3p	+	83	1112	1344	1497	1037	4990
3p	+	84	1074	1343	1513	1025	4955
3p	+	85	1065	1330	1475	1050	4920
3p	+	86	1062	1337	1466	1021	4886
3p	+	87	1032	1358	1501	966	4857
3p	+	88	1045	1317	1454	1013	4829
3p	+	89	1017	1323	1417	1043	4800
3p	+	90	995	1301	1418	1045	4759
3p	+	91	1027	1306	1333	1057	4723
3p	+	92	1045	1333	1385	926	4689
3p	+	93	1007	1295	1376	974	4652
3p	+	94	984	1265	1428	944	4621
3p	+	95	994	1172	1425	983	4574
3p	+	96	937	1274	1329	992	4532
3p	+	97	931	1268	1293	1004	4496
3p	+	98	907	1264	1308	989	4468
3p	+	99	884	1266	1334	955	4439
3p	+	100	996	1177	1276	965	4414
3p	-	1	1263	1545	1822	959	5589
3p	-	2	1374	1523	1712	980	5589
3p	-	3	1437	1670	1557	925	5589
3p	-	4	1373	1699	1564	953	5589
3p	-	5	1291	1722	1592	984	5589
3p	-	6	1174	1710	1625	1080	5589
3p	-	7	1205	1635	1690	1059	5589
3p	-	8	1304	1651	1524	1110	5589
3p	-	9	1279	1701	1511	1098	5589
3p	-	10	1381	1609	1610	989	5589
3p	-	11	1308	1523	1744	1014	5589
3p	-	12	1352	1589	1605	1043	5589
3p	-	13	1245	1551	1661	1132	5589
3p	-	14	1213	1598	1603	1175	5589
3p	-	15	1145	1625	1730	1089	5589
3p	-	16	1281	1498	1763	1047	5589
3p	-	17	1272	1495	1707	1115	5589
3p	-	18	1352	1487	1692	1058	5589
3p	-	19	1365	1494	1632	1098	5589
3p	-	20	1393	1481	1652	1063	5589
3p	-	21	1336	1459	1613	1181	5589
3p	-	22	1384	1519	1550	1136	5589
3p	-	23	1359	1524	1491	1215	5589
3p	-	24	1284	1710	1494	1101	5589
3p	-	25	1222	1714	1558	1095	5589
3p	-	26	1176	1808	1567	1038	5589
3p	-	27	1192	1628	1597	1172	5589
3p	-	28	1220	1615	1599	1155	5589
3p	-	29	1207	1672	1522	1188	5589
3p	-	30	1247	1644	1593	1105	5589
3p	-	31	1369	1578	1543	1099	5589
3p	-	32	1224	1678	1587	1100	5589
3p	-	33	1252	1774	1503	1060	5589
3p	-	34	1262	1714	1470	1143	5589
3p	-	35	1261	1640	1539	1149	5589
3p	-	36	1304	1559	1546	1180	5589
3p	-	37	1295	1546	1561	1187	5589
3p	-	38	1382	1510	1531	1166	5589
3p	-	39	1308	1506	1585	1190	5589
3p	-	40	1229	1591	1536	1233	5589
3p	-	41	1275	1593	1607	1114	5589
3p	-	42	1275	1519	1642	1153	5589
3p	-	43	1265	1513	1641	1170	5589
3p	-	44	1209	1509	1650	1221	5589
3p	-	45	1158	1498	1723	1210	5589
3p	-	46	1248	1521	1647	1173	5589
3p	-	47	1288	1515	1568	1218	5589
3p	-	48	1310	1518	1576	1185	5589
3p	-	49	1273	1514	1607	1195	5589
3p	-	50	1252	1515	1654	1168	5589
3p	-	51	1246	1511	1697	1123	5577
3p	-	52	1268	1485	1646	1154	5553
3p	-	53	1174	1506	1620	1236	5536
3p	-	54	1222	1562	1574	1159	5517
3p	-	55	1215	1452	1597	1232	5496
3p	-	56	1256	1491	1565	1162	5474
3p	-	57	1150	1443	1612	1248	5453
3p	-	58	1143	1508	1562	1217	5430
3p	-	59	1223	1531	1526	1126	5406
3p	-	60	1160	1511	1566	1146	5383
3p	-	61	1216	1433	1572	1145	5366
3p	-	62	1185	1489	1565	1106	5345
3p	-	63	1238	1358	1579	1145	5320
3p	-	64	1143	1391	1593	1174	5301
3p	-	65	1180	1366	1575	1155	5276
3p	-	66	1162	1427	1571	1090	5250
3p	-	67	1184	1390	1580	1066	5220
3p	-	68	1195	1411	1557	1025	5188
3p	-	69	1126	1388	1516	1131	5161
3p	-	70	1110	1403	1543	1083	5139
3p	-	71	1156	1398	1472	1086	5112
3p	-	72	1134	1351	1573	1035	5093
3p	-	73	1145	1373	1476	1072	5066
3p	-	74	1114	1353	1517	1064	5048
3p	-	75	1077	1434	1492	1024	5027
3p	-	76	1115	1364	1439	1086	5004
3p	-	77	1149	1355	1385	1089	4978
3p	-	78	1114	1356	1439	1048	4957
3p	-	79	1154	1323	1449	1011	4937
3p	-	80	1104	1286	1470	1050	4910
3p	-	81	1031	1365	1423	1054	4873
3p	-	82	1061	1321	1430	1033	4845
3p	-	83	1027	1346	1406	1038	4817
3p	-	84	1041	1366	1354	1023	4784
3p	-	85	1035	1323	1378	1015	4751
3p	-	86	1001	1353	1352	1016	4722
3p	-	87	993	1355	1339	1005	4692
3p	-	88	1009	1306	1356	983	4654
3p	-	89	978	1287	1382	975	4622
3p	-	90	962	1295	1352	973	4582
3p	-	91	1010	1170	1374	1000	4554
3p	-	92	991	1244	1314	987	4536
3p	-	93	959	1215	1343	985	4502
3p	-	94	983	1177	1352	959	4471
3p	-	95	955	1280	1283	917	4435
3p	-	96	985	1194	1257	955	4391
3p	-	97	991	1214	1251	904	4360
3p	-	98	957	1163	1264	951	4335
3p	-	99	932	1208	1268	899	4307
3p	-	100	975	1163	1228	914	4280
5p	+	1	1241	1957	1494	1105	5797
5p	+	2	1264	1714	1600	1219	5797
5p	+	3	1187	1793	1539	1278	5797
5p	+	4	1229	1726	1573	1269	5797
5p	+	5	1233	1706	1596	1262	5797
5p	+	6	1181	1696	1603	1317	5797
5p	+	7	1179	1696	1659	1263	5797
5p	+	8	1150	1764	1640	1243	5797
5p	+	9	1168	1706	1639	1284	5797
5p	+	10	1195	1674	1677	1251	5797
5p	+	11	1212	1700	1647	1238	5797
5p	+	12	1214	1705	1654	1224	5797
5p	+	13	1220	1718	1626	1233	5797
5p	+	14	1241	1679	1636	1241	5797
5p	+	15	1221	1691	1654	1231	5797
5p	+	16	1262	1697	1649	1189	5797
5p	+	17	1249	1640	1644	1264	5797
5p	+	18	1170	1707	1681	1239	5797
5p	+	19	1203	1692	1694	1208	5797
5p	+	20	1200	1722	1636	1239	5797
5p	+	21	1196	1696	1665	1240	5797
5p	+	22	1190	1697	1682	1228	5797
5p	+	23	1244	1714	1618	1221	5797
5p	+	24	1230	1680	1690	1197	5797
5p	+	25	1215	1680	1695	1207	5797
5p	+	26	1205	1718	1662	1212	5797
5p	+	27	1211	1676	1672	1238	5797
5p	+	28	1199	1720	1677	1201	5797
5p	+	29	1240	1726	1602	1229	5797
5p	+	30	1180	1727	1660	1230	5797
5p	+	31	1215	1667	1677	1238	5797
5p	+	32	1215	1694	1675	1213	5797
5p	+	33	1238	1699	1659	1201	5797
5p	+	34	1230	1721	1639	1207	5797
5p	+	35	1228	1679	1657	1233	5797
5p	+	36	1195	1647	1761	1194	5797
5p	+	37	1236	1673	1654	1234	5797
5p	+	38	1229	1674	1662	1232	5797
5p	+	39	1230	1647	1695	1225	5797
5p	+	40	1172	1693	1728	1204	5797
5p	+	41	1230	1703	1641	1223	5797
5p	+	42	1234	1651	1678	1234	5797
5p	+	43	1229	1631	1734	1203	5797
5p	+	44	1194	1662	1712	1229	5797
5p	+	45	1164	1759	1671	1203	5797
5p	+	46	1286	1622	1656	1233	5797
5p	+	47	1208	1633	1752	1204	5797
5p	+	48	1217	1698	1703	1179	5797
5p	+	49	1238	1666	1692	1201	5797
5p	+	50	1198	1683	1724	1192	5797
5p	+	51	1259	1654	1722	1140	5775
5p	+	52	1230	1652	1714	1158	5754
5p	+	53	1197	1640	1649	1240	5726
5p	+	54	1142	1637	1724	1202	5705
5p	+	55	1194	1631	1666	1186	5677
5p	+	56	1233	1613	1644	1163	5653
5p	+	57	1174	1581	1698	1172	5625
5p	+	58	1240	1590	1631	1147	5608
5p	+	59	1218	1562	1650	1154	5584
5p	+	60	1222	1613	1624	1102	5561
5p	+	61	1150	1576	1666	1148	5540
5p	+	62	1158	1574	1636	1148	5516
5p	+	63	1168	1564	1616	1144	5492
5p	+	64	1171	1520	1654	1123	5468
5p	+	65	1156	1524	1603	1161	5444
5p	+	66	1162	1472	1621	1163	5418
5p	+	67	1134	1540	1620	1112	5406
5p	+	68	1150	1547	1571	1120	5388
5p	+	69	1154	1526	1587	1100	5367
5p	+	70	1160	1522	1596	1068	5346
5p	+	71	1154	1487	1576	1104	5321
5p	+	72	1081	1479	1626	1116	5302
5p	+	73	1127	1446	1581	1128	5282
5p	+	74	1094	1491	1542	1131	5258
5p	+	75	1132	1437	1504	1150	5223
5p	+	76	1160	1457	1497	1079	5193
5p	+	77	1073	1465	1555	1074	5167
5p	+	78	1081	1472	1523	1066	5142
5p	+	79	1085	1468	1476	1076	5105
5p	+	80	1102	1408	1474	1083	5067
5p	+	81	1082	1416	1486	1056	5040
5p	+	82	1083	1411	1499	1022	5015
5p	+	83	1084	1390	1451	1065	4990
5p	+	84	1067	1384	1497	1007	4955
5p	+	85	1119	1348	1432	1021	4920
5p	+	86	1030	1376	1437	1043	4886
5p	+	87	1055	1361	1472	969	4857
5p	+	88	1072	1302	1409	1046	4829
5p	+	89	1016	1301	1505	978	4800
5p	+	90	996	1339	1440	984	4759
5p	+	91	1034	1287	1406	996	4723
5p	+	92	1034	1283	1406	966	4689
5p	+	93	975	1312	1370	995	4652
5p	+	94	1021	1274	1317	1009	4621
5p	+	95	982	1293	1337	962	4574
5p	+	96	1010	1203	1338	981	4532
5p	+	97	900	1204	1403	989	4496
5p	+	98	963	1216	1356	933	4468
5p	+	99	935	1245	1315	944	4439
5p	+	100	967	1151	1342	954	4414
5p	-	1	1214	1809	1486	1080	5589
5p	-	2	1162	1623	1582	1222	5589
5p	-	3	1098	1788	1513	1190	5589
5p	-	4	1178	1631	1530	1250	5589
5p	-	5	1165	1640	1615	1169	5589
5p	-	6	1181	1596	1582	1230	5589
5p	-	7	1179	1600	1625	1185	5589
5p	-	8	1147	1700	1568	1174	5589
5p	-	9	1175	1622	1558	1234	5589
5p	-	10	1142	1652	1608	1187	5589
5p	-	11	1188	1635	1584	1182	5589
5p	-	12	1164	1667	1605	1153	5589
5p	-	13	1222	1658	1574	1135	5589
5p	-	14	1218	1615	1577	1179	5589
5p	-	15	1178	1608	1642	1161	5589
5p	-	16	1213	1631	1602	1143	5589
5p	-	17	1248	1564	1573	1204	5589
5p	-	18	1186	1600	1631	1172	5589
5p	-	19	1187	1637	1626	1139	5589
5p	-	20	1234	1609	1557	1189	5589
5p	-	21	1209	1561	1646	1173	5589
5p	-	22	1179	1620	1669	1121	5589
5p	-	23	1171	1630	1631	1157	5589
5p	-	24	1177	1608	1600	1204	5589
5p	-	25	1189	1626	1567	1207	5589
5p	-	26	1195	1541	1631	1222	5589
5p	-	27	1212	1643	1597	1137	5589
5p	-	28	1206	1619	1608	1156	5589
5p	-	29	1227	1585	1620	1157	5589
5p	-	30	1215	1630	1579	1165	5589
5p	-	31	1209	1597	1625	1158	5589
5p	-	32	1191	1605	1623	1170	5589
5p	-	33	1200	1581	1627	1181	5589
5p	-	34	1229	1610	1607	1143	5589
5p	-	35	1223	1559	1627	1180	5589
5p	-	36	1224	1535	1662	1168	5589
5p	-	37	1186	1595	1659	1149	5589
5p	-	38	1210	1587	1627	1165	5589
5p	-	39	1171	1637	1674	1107	5589
5p	-	40	1234	1577	1615	1163	5589
5p	-	41	1237	1587	1595	1170	5589
5p	-	42	1159	1598	1629	1203	5589
5p	-	43	1206	1615	1574	1194	5589
5p	-	44	1189	1576	1648	1176	5589
5p	-	45	1205	1593	1626	1165	5589
5p	-	46	1239	1558	1604	1188	5589
5p	-	47	1224	1591	1617	1157	5589
5p	-	48	1209	1573	1614	1193	5589
5p	-	49	1208	1638	1570	1173	5589
5p	-	50	1223	1585	1623	1158	5589
5p	-	51	1227	1527	1610	1213	5577
5p	-	52	1226	1526	1660	1141	5553
5p	-	53	1217	1605	1566	1148	5536
5p	-	54	1232	1563	1550	1172	5517
5p	-	55	1208	1617	1548	1123	5496
5p	-	56	1225	1582	1547	1120	5474
5p	-	57	1176	1547	1543	1187	5453
5p	-	58	1193	1528	1585	1124	5430
5p	-	59	1162	1514	1591	1139	5406
5p	-	60	1199	1522	1573	1089	5383
5p	-	61	1219	1539	1496	1112	5366
5p	-	62	1145	1516	1566	1118	5345
5p	-	63	1238	1489	1525	1068	5320
5p	-	64	1222	1480	1518	1081	5301
5p	-	65	1139	1528	1533	1076	5276
5p	-	66	1154	1468	1556	1072	5250
5p	-	67	1134	1497	1501	1088	5220
5p	-	68	1171	1453	1479	1085	5188
5p	-	69	1146	1494	1469	1052	5161
5p	-	70	1166	1468	1463	1042	5139
5p	-	71	1129	1427	1476	1080	5112
5p	-	72	1102	1481	1478	1032	5093
5p	-	73	1073	1469	1473	1051	5066
5p	-	74	1135	1382	1480	1051	5048
5p	-	75	1122	1388	1487	1030	5027
5p	-	76	1114	1357	1465	1068	5004
5p	-	77	1064	1435	1457	1022	4978
5p	-	78	1093	1373	1449	1042	4957
5p	-	79	1084	1387	1468	998	4937
5p	-	80	1047	1392	1439	1032	4910
5p	-	81	1045	1368	1429	1031	4873
5p	-	82	1095	1309	1435	1006	4845
5p	-	83	1022	1375	1412	1008	4817
5p	-	84	1069	1300	1427	988	4784
5p	-	85	1052	1330	1409	960	4751
5p	-	86	1063	1301	1418	940	4722
5p	-	87	1066	1275	1398	953	4692
5p	-	88	1076	1296	1327	955	4654
5p	-	89	1027	1263	1407	925	4622
5p	-	90	1045	1288	1338	911	4582
5p	-	91	984	1260	1350	960	4554
5p	-	92	1001	1221	1339	975	4536
5p	-	93	988	1217	1329	968	4502
5p	-	94	1023	1214	1341	893	4471
5p	-	95	968	1248	1308	911	4435
5p	-	96	995	1149	1319	928	4391
5p	-	97	933	1158	1367	902	4360
5p	-	98	920	1182	1298	935	4335
5p	-	99	931	1193	1291	892	4307
5p	-	100	969	1206	1217	888	4280
