# table produced by calculations.DamageProfiler
# using mapped file ERR1014019_rmdup.bam
# Sample ID: ERR1014019_rmdup.bam
Chr	End	Std	Pos	A	C	G	T	Total	G>A	C>T	A>G	T>C	A>C	A>T	C>G	C>A	T>G	T>A	G>C	G>T	A>-	T>-	C>-	G>-	->A	->T	->C	->G	S
fwd	3p	+	1	682.0	1194.0	1016.0	705.0	3597.0	12.0	29.0	18.0	14.0	12.0	15.0	21.0	30.0	24.0	14.0	26.0	13.0	0.0	0.0	0.0	0.0	0.0	0.0	0.0	0.0	0.0
fwd	3p	+	2	755.0	1001.0	1105.0	736.0	3597.0	8.0	13.0	5.0	9.0	9.0	1.0	10.0	9.0	7.0	2.0	9.0	4.0	0.0	0.0	0.0	0.0	0.0	0.0	0.0	0.0	0.0
fwd	3p	+	3	807.0	1009.0	1149.0	798.0	3763.0	0.0	2.0	1.0	2.0	4.0	2.0	1.0	6.0	1.0	1.0	4.0	0.0	0.0	0.0	0.0	0.0	0.0	0.0	0.0	0.0	0.0
fwd	3p	+	4	816.0	1187.0	1095.0	722.0	3820.0	1.0	0.0	4.0	1.0	1.0	1.0	2.0	2.0	3.0	0.0	3.0	0.0	0.0	0.0	0.0	0.0	8.0	0.0	11.0	13.0	0.0
fwd	3p	+	5	751.0	1214.0	1116.0	758.0	3839.0	8.0	1.0	4.0	6.0	6.0	0.0	0.0	1.0	2.0	1.0	1.0	1.0	0.0	0.0	0.0	0.0	16.0	0.0	23.0	19.0	0.0
fwd	3p	+	6	850.0	1111.0	1112.0	833.0	3906.0	1.0	5.0	6.0	1.0	1.0	4.0	8.0	4.0	2.0	1.0	6.0	2.0	0.0	0.0	0.0	0.0	10.0	0.0	29.0	19.0	0.0
fwd	3p	+	7	870.0	1194.0	1128.0	785.0	3977.0	3.0	2.0	1.0	4.0	4.0	0.0	4.0	4.0	5.0	0.0	3.0	2.0	0.0	0.0	0.0	0.0	9.0	0.0	27.0	37.0	0.0
fwd	3p	+	8	833.0	1135.0	1219.0	897.0	4084.0	5.0	1.0	3.0	5.0	2.0	2.0	7.0	2.0	1.0	0.0	3.0	1.0	0.0	0.0	0.0	0.0	10.0	0.0	30.0	21.0	0.0
fwd	3p	+	9	892.0	1146.0	1271.0	861.0	4170.0	1.0	2.0	7.0	1.0	4.0	2.0	7.0	0.0	6.0	2.0	4.0	2.0	0.0	0.0	0.0	0.0	14.0	0.0	27.0	26.0	0.0
fwd	3p	+	10	858.0	1227.0	1265.0	913.0	4263.0	4.0	3.0	3.0	6.0	3.0	2.0	3.0	5.0	2.0	2.0	4.0	2.0	0.0	0.0	0.0	0.0	6.0	0.0	24.0	24.0	0.0
fwd	3p	+	11	900.0	1278.0	1295.0	885.0	4358.0	2.0	3.0	3.0	2.0	1.0	4.0	8.0	2.0	1.0	1.0	3.0	3.0	0.0	0.0	0.0	0.0	15.0	0.0	20.0	12.0	0.0
fwd	3p	+	12	885.0	1252.0	1326.0	946.0	4409.0	2.0	2.0	6.0	6.0	3.0	1.0	4.0	4.0	1.0	0.0	5.0	1.0	0.0	0.0	0.0	0.0	9.0	0.0	21.0	23.0	0.0
fwd	3p	+	13	970.0	1250.0	1436.0	832.0	4488.0	1.0	1.0	6.0	4.0	1.0	0.0	3.0	1.0	4.0	1.0	4.0	0.0	0.0	0.0	0.0	0.0	5.0	0.0	19.0	15.0	0.0
fwd	3p	+	14	1063.0	1196.0	1327.0	929.0	4515.0	1.0	2.0	0.0	4.0	0.0	2.0	4.0	0.0	0.0	1.0	2.0	3.0	0.0	0.0	0.0	0.0	11.0	0.0	22.0	32.0	0.0
fwd	3p	+	15	961.0	1329.0	1378.0	916.0	4584.0	1.0	0.0	1.0	2.0	1.0	2.0	2.0	2.0	1.0	1.0	1.0	1.0	0.0	0.0	0.0	0.0	4.0	0.0	11.0	20.0	0.0
fwd	3p	+	16	1021.0	1334.0	1358.0	900.0	4613.0	2.0	2.0	5.0	2.0	2.0	0.0	5.0	0.0	2.0	0.0	0.0	1.0	0.0	0.0	0.0	0.0	9.0	0.0	13.0	13.0	0.0
fwd	3p	+	17	1081.0	1223.0	1337.0	1004.0	4645.0	4.0	6.0	2.0	5.0	0.0	2.0	5.0	1.0	2.0	1.0	3.0	1.0	0.0	0.0	0.0	0.0	10.0	0.0	11.0	12.0	0.0
fwd	3p	+	18	982.0	1362.0	1328.0	997.0	4669.0	2.0	2.0	6.0	4.0	1.0	0.0	4.0	0.0	4.0	1.0	3.0	2.0	0.0	0.0	0.0	0.0	4.0	0.0	16.0	17.0	0.0
fwd	3p	+	19	1038.0	1258.0	1342.0	1058.0	4696.0	5.0	3.0	2.0	4.0	2.0	1.0	3.0	1.0	0.0	1.0	0.0	4.0	0.0	0.0	0.0	0.0	8.0	0.0	20.0	17.0	0.0
fwd	3p	+	20	1075.0	1265.0	1301.0	1085.0	4726.0	4.0	3.0	0.0	4.0	3.0	0.0	4.0	1.0	1.0	1.0	1.0	0.0	0.0	0.0	0.0	0.0	5.0	0.0	16.0	15.0	0.0
fwd	3p	+	21	977.0	1435.0	1389.0	953.0	4754.0	1.0	2.0	3.0	3.0	1.0	0.0	4.0	4.0	2.0	0.0	1.0	0.0	0.0	0.0	0.0	0.0	4.0	0.0	14.0	19.0	0.0
fwd	3p	+	22	1008.0	1414.0	1410.0	936.0	4768.0	2.0	3.0	3.0	3.0	0.0	2.0	7.0	1.0	2.0	0.0	3.0	3.0	0.0	0.0	0.0	0.0	8.0	0.0	20.0	17.0	0.0
fwd	3p	+	23	1024.0	1371.0	1431.0	969.0	4795.0	11.0	3.0	6.0	4.0	1.0	1.0	4.0	1.0	2.0	0.0	2.0	0.0	0.0	0.0	0.0	0.0	9.0	0.0	16.0	14.0	0.0
fwd	3p	+	24	1002.0	1432.0	1432.0	950.0	4816.0	2.0	3.0	2.0	5.0	2.0	2.0	2.0	3.0	1.0	0.0	3.0	0.0	0.0	0.0	0.0	0.0	4.0	0.0	20.0	18.0	0.0
fwd	3p	+	25	1064.0	1400.0	1388.0	984.0	4836.0	3.0	1.0	5.0	4.0	3.0	1.0	2.0	4.0	3.0	1.0	1.0	0.0	0.0	0.0	0.0	0.0	2.0	0.0	20.0	18.0	0.0
fwd	3p	+	26	1114.0	1315.0	1426.0	998.0	4853.0	1.0	2.0	2.0	0.0	3.0	0.0	4.0	2.0	0.0	1.0	1.0	3.0	0.0	0.0	0.0	0.0	8.0	0.0	20.0	22.0	0.0
fwd	3p	+	27	1130.0	1337.0	1489.0	925.0	4881.0	1.0	1.0	4.0	0.0	3.0	1.0	6.0	0.0	3.0	3.0	1.0	1.0	0.0	0.0	0.0	0.0	8.0	0.0	23.0	15.0	0.0
fwd	3p	+	28	1036.0	1389.0	1541.0	938.0	4904.0	5.0	1.0	4.0	5.0	0.0	1.0	3.0	1.0	0.0	0.0	2.0	2.0	0.0	0.0	0.0	0.0	5.0	0.0	17.0	14.0	0.0
fwd	3p	+	29	1065.0	1363.0	1503.0	985.0	4916.0	1.0	0.0	3.0	1.0	0.0	0.0	7.0	1.0	1.0	1.0	2.0	3.0	0.0	0.0	0.0	0.0	4.0	0.0	23.0	17.0	0.0
fwd	3p	+	30	1054.0	1459.0	1411.0	1008.0	4932.0	3.0	4.0	2.0	3.0	1.0	1.0	1.0	0.0	2.0	0.0	1.0	1.0	0.0	0.0	0.0	0.0	10.0	0.0	16.0	14.0	0.0
fwd	3p	+	31	1057.0	1519.0	1376.0	998.0	4950.0	3.0	1.0	5.0	3.0	2.0	0.0	0.0	2.0	2.0	0.0	1.0	2.0	0.0	0.0	0.0	0.0	7.0	0.0	33.0	12.0	0.0
fwd	3p	+	32	1081.0	1405.0	1490.0	1011.0	4987.0	4.0	0.0	5.0	2.0	1.0	2.0	3.0	0.0	0.0	1.0	4.0	1.0	0.0	0.0	0.0	0.0	10.0	0.0	20.0	23.0	0.0
fwd	3p	+	33	1060.0	1431.0	1501.0	1027.0	5019.0	2.0	0.0	5.0	1.0	1.0	0.0	5.0	0.0	2.0	0.0	1.0	1.0	0.0	0.0	0.0	0.0	2.0	0.0	16.0	19.0	0.0
fwd	3p	+	34	1044.0	1413.0	1490.0	1085.0	5032.0	3.0	2.0	6.0	8.0	4.0	1.0	2.0	1.0	1.0	0.0	3.0	2.0	0.0	0.0	0.0	0.0	5.0	0.0	21.0	17.0	0.0
fwd	3p	+	35	1038.0	1409.0	1548.0	1068.0	5063.0	2.0	2.0	3.0	11.0	1.0	1.0	2.0	0.0	6.0	1.0	2.0	2.0	0.0	0.0	0.0	0.0	3.0	0.0	20.0	17.0	0.0
fwd	3p	+	36	1153.0	1393.0	1544.0	1019.0	5109.0	2.0	1.0	4.0	6.0	0.0	2.0	3.0	3.0	1.0	1.0	2.0	0.0	0.0	0.0	0.0	0.0	6.0	0.0	19.0	10.0	0.0
fwd	3p	+	37	1156.0	1415.0	1494.0	1095.0	5160.0	2.0	7.0	8.0	4.0	1.0	2.0	0.0	0.0	3.0	0.0	5.0	2.0	0.0	0.0	0.0	0.0	8.0	0.0	18.0	21.0	0.0
fwd	3p	+	38	1109.0	1532.0	1524.0	1105.0	5270.0	4.0	1.0	6.0	2.0	1.0	2.0	5.0	1.0	3.0	0.0	1.0	1.0	0.0	0.0	0.0	0.0	5.0	0.0	20.0	13.0	0.0
fwd	3p	+	39	1251.0	1500.0	1492.0	1135.0	5378.0	5.0	3.0	8.0	2.0	3.0	0.0	2.0	3.0	1.0	0.0	0.0	2.0	0.0	0.0	0.0	0.0	5.0	0.0	19.0	19.0	0.0
fwd	3p	+	40	1195.0	1505.0	1621.0	1118.0	5439.0	2.0	0.0	3.0	1.0	3.0	0.0	0.0	1.0	1.0	0.0	0.0	3.0	0.0	0.0	0.0	0.0	7.0	0.0	15.0	18.0	0.0
fwd	3p	+	41	1216.0	1506.0	1583.0	1168.0	5473.0	4.0	1.0	2.0	4.0	1.0	1.0	2.0	0.0	2.0	1.0	2.0	0.0	0.0	0.0	0.0	0.0	8.0	0.0	19.0	15.0	0.0
fwd	3p	+	42	1229.0	1539.0	1607.0	1126.0	5501.0	1.0	3.0	4.0	5.0	0.0	2.0	3.0	0.0	5.0	0.0	1.0	0.0	0.0	0.0	0.0	0.0	5.0	0.0	17.0	22.0	0.0
fwd	3p	+	43	1187.0	1529.0	1663.0	1143.0	5522.0	6.0	1.0	3.0	5.0	0.0	3.0	1.0	1.0	0.0	1.0	0.0	4.0	0.0	0.0	0.0	0.0	14.0	0.0	18.0	12.0	0.0
fwd	3p	+	44	1201.0	1570.0	1589.0	1191.0	5551.0	5.0	3.0	5.0	5.0	2.0	0.0	2.0	3.0	2.0	0.0	2.0	1.0	0.0	0.0	0.0	0.0	12.0	0.0	19.0	14.0	0.0
fwd	3p	+	45	1259.0	1504.0	1650.0	1152.0	5565.0	5.0	2.0	5.0	2.0	3.0	1.0	1.0	2.0	2.0	0.0	2.0	0.0	0.0	0.0	0.0	0.0	4.0	0.0	17.0	25.0	0.0
fwd	3p	+	46	1230.0	1624.0	1592.0	1139.0	5585.0	5.0	3.0	1.0	5.0	2.0	0.0	6.0	4.0	3.0	0.0	3.0	1.0	0.0	0.0	0.0	0.0	10.0	0.0	20.0	16.0	0.0
fwd	3p	+	47	1227.0	1580.0	1649.0	1142.0	5598.0	2.0	6.0	2.0	0.0	4.0	0.0	4.0	0.0	3.0	1.0	2.0	2.0	0.0	0.0	0.0	0.0	5.0	0.0	19.0	20.0	0.0
fwd	3p	+	48	1259.0	1492.0	1687.0	1178.0	5616.0	2.0	4.0	5.0	5.0	1.0	1.0	6.0	0.0	1.0	0.0	3.0	0.0	0.0	0.0	0.0	0.0	4.0	0.0	16.0	16.0	0.0
fwd	3p	+	49	1192.0	1577.0	1592.0	1258.0	5619.0	9.0	0.0	4.0	4.0	3.0	0.0	0.0	0.0	1.0	0.0	5.0	3.0	0.0	0.0	0.0	0.0	2.0	0.0	15.0	18.0	0.0
fwd	3p	+	50	1169.0	1602.0	1577.0	1275.0	5623.0	3.0	2.0	5.0	2.0	1.0	1.0	2.0	1.0	4.0	0.0	1.0	4.0	0.0	0.0	0.0	0.0	7.0	0.0	19.0	12.0	0.0
fwd	3p	+	51	1148.0	1542.0	1690.0	1232.0	5612.0	4.0	3.0	8.0	0.0	7.0	0.0	6.0	2.0	0.0	1.0	4.0	3.0	0.0	0.0	0.0	0.0	7.0	0.0	17.0	10.0	0.0
fwd	3p	+	52	1165.0	1580.0	1645.0	1203.0	5593.0	2.0	2.0	7.0	3.0	4.0	1.0	2.0	3.0	2.0	1.0	1.0	1.0	0.0	0.0	0.0	0.0	8.0	0.0	21.0	16.0	0.0
fwd	3p	+	53	1136.0	1589.0	1597.0	1252.0	5574.0	1.0	3.0	7.0	4.0	2.0	0.0	5.0	0.0	1.0	0.0	2.0	3.0	0.0	0.0	0.0	0.0	13.0	0.0	15.0	18.0	0.0
fwd	3p	+	54	1257.0	1531.0	1605.0	1182.0	5575.0	3.0	8.0	5.0	0.0	1.0	1.0	3.0	2.0	1.0	0.0	0.0	2.0	0.0	0.0	0.0	0.0	5.0	0.0	14.0	10.0	0.0
fwd	3p	+	55	1106.0	1558.0	1612.0	1267.0	5543.0	6.0	2.0	2.0	3.0	1.0	0.0	1.0	1.0	0.0	1.0	2.0	2.0	0.0	0.0	0.0	0.0	6.0	0.0	19.0	9.0	0.0
fwd	3p	+	56	1220.0	1529.0	1599.0	1184.0	5532.0	3.0	2.0	3.0	3.0	3.0	1.0	4.0	2.0	6.0	0.0	1.0	0.0	0.0	0.0	0.0	0.0	5.0	0.0	12.0	12.0	0.0
fwd	3p	+	57	1280.0	1560.0	1538.0	1124.0	5502.0	3.0	5.0	6.0	4.0	6.0	4.0	1.0	2.0	1.0	0.0	3.0	0.0	0.0	0.0	0.0	0.0	4.0	0.0	17.0	14.0	0.0
fwd	3p	+	58	1212.0	1554.0	1536.0	1184.0	5486.0	2.0	6.0	2.0	3.0	0.0	0.0	4.0	5.0	2.0	1.0	0.0	3.0	0.0	0.0	0.0	0.0	9.0	0.0	18.0	20.0	0.0
fwd	3p	+	59	1213.0	1532.0	1562.0	1162.0	5469.0	1.0	2.0	2.0	6.0	1.0	0.0	1.0	2.0	1.0	0.0	1.0	1.0	0.0	0.0	0.0	0.0	5.0	0.0	13.0	16.0	0.0
fwd	3p	+	60	1249.0	1489.0	1580.0	1138.0	5456.0	4.0	1.0	5.0	2.0	0.0	1.0	3.0	2.0	1.0	0.0	1.0	3.0	0.0	0.0	0.0	0.0	5.0	0.0	16.0	14.0	0.0
fwd	3p	+	61	1144.0	1623.0	1550.0	1122.0	5439.0	5.0	2.0	7.0	2.0	1.0	0.0	1.0	1.0	0.0	3.0	4.0	0.0	0.0	0.0	0.0	0.0	7.0	0.0	13.0	12.0	0.0
fwd	3p	+	62	1178.0	1502.0	1621.0	1120.0	5421.0	4.0	2.0	2.0	4.0	2.0	2.0	0.0	1.0	2.0	0.0	3.0	0.0	0.0	0.0	0.0	0.0	8.0	0.0	15.0	9.0	0.0
fwd	3p	+	63	1173.0	1464.0	1612.0	1147.0	5396.0	6.0	2.0	3.0	5.0	2.0	1.0	2.0	1.0	0.0	0.0	0.0	3.0	0.0	0.0	0.0	0.0	8.0	0.0	17.0	10.0	0.0
fwd	3p	+	64	1145.0	1480.0	1576.0	1169.0	5370.0	3.0	1.0	1.0	1.0	2.0	2.0	0.0	2.0	3.0	0.0	1.0	2.0	0.0	0.0	0.0	0.0	7.0	0.0	16.0	16.0	0.0
fwd	3p	+	65	1148.0	1448.0	1635.0	1124.0	5355.0	7.0	7.0	5.0	3.0	2.0	1.0	0.0	2.0	1.0	2.0	1.0	1.0	0.0	0.0	0.0	0.0	5.0	0.0	14.0	10.0	0.0
fwd	3p	+	66	1208.0	1450.0	1617.0	1048.0	5323.0	4.0	2.0	4.0	6.0	2.0	1.0	2.0	0.0	2.0	0.0	0.0	1.0	0.0	0.0	0.0	0.0	8.0	0.0	14.0	12.0	0.0
fwd	3p	+	67	1140.0	1493.0	1565.0	1125.0	5323.0	3.0	2.0	2.0	4.0	0.0	1.0	4.0	0.0	1.0	0.0	3.0	0.0	0.0	0.0	0.0	0.0	9.0	0.0	3.0	15.0	0.0
fwd	3p	+	68	1236.0	1467.0	1481.0	1112.0	5296.0	4.0	0.0	3.0	3.0	0.0	1.0	5.0	1.0	0.0	1.0	2.0	2.0	0.0	0.0	0.0	0.0	3.0	0.0	15.0	16.0	0.0
fwd	3p	+	69	1114.0	1478.0	1572.0	1124.0	5288.0	3.0	0.0	5.0	2.0	1.0	0.0	5.0	0.0	1.0	0.0	2.0	0.0	0.0	0.0	0.0	0.0	6.0	0.0	10.0	14.0	0.0
fwd	3p	+	70	1171.0	1381.0	1606.0	1101.0	5259.0	2.0	3.0	1.0	2.0	0.0	0.0	1.0	0.0	1.0	0.0	0.0	0.0	0.0	0.0	0.0	0.0	7.0	0.0	20.0	8.0	0.0
fwd	3p	+	71	1164.0	1439.0	1551.0	1091.0	5245.0	4.0	4.0	5.0	3.0	0.0	1.0	0.0	0.0	1.0	0.0	0.0	1.0	0.0	0.0	0.0	0.0	7.0	0.0	13.0	10.0	0.0
fwd	3p	+	72	1151.0	1435.0	1525.0	1114.0	5225.0	4.0	1.0	5.0	5.0	1.0	0.0	1.0	2.0	0.0	0.0	1.0	0.0	0.0	0.0	0.0	0.0	6.0	0.0	13.0	7.0	0.0
fwd	3p	+	73	1190.0	1448.0	1492.0	1066.0	5196.0	2.0	3.0	2.0	3.0	1.0	3.0	0.0	1.0	2.0	0.0	1.0	4.0	0.0	0.0	0.0	0.0	6.0	0.0	14.0	15.0	0.0
fwd	3p	+	74	1166.0	1404.0	1515.0	1096.0	5181.0	2.0	4.0	2.0	3.0	0.0	1.0	2.0	1.0	2.0	0.0	1.0	2.0	0.0	0.0	0.0	0.0	10.0	0.0	12.0	10.0	0.0
fwd	3p	+	75	1112.0	1418.0	1501.0	1128.0	5159.0	7.0	2.0	2.0	2.0	1.0	0.0	0.0	1.0	0.0	1.0	2.0	2.0	0.0	0.0	0.0	0.0	7.0	0.0	6.0	12.0	0.0
fwd	3p	+	76	1136.0	1369.0	1538.0	1076.0	5119.0	2.0	3.0	5.0	1.0	1.0	0.0	2.0	2.0	2.0	0.0	1.0	1.0	0.0	0.0	0.0	0.0	6.0	0.0	13.0	8.0	0.0
fwd	3p	+	77	1139.0	1335.0	1514.0	1112.0	5100.0	6.0	2.0	3.0	4.0	4.0	1.0	0.0	0.0	3.0	0.0	1.0	1.0	0.0	0.0	0.0	0.0	7.0	0.0	10.0	6.0	0.0
fwd	3p	+	78	1094.0	1343.0	1488.0	1149.0	5074.0	1.0	4.0	3.0	4.0	2.0	2.0	2.0	1.0	2.0	0.0	0.0	2.0	0.0	0.0	0.0	0.0	5.0	0.0	16.0	9.0	0.0
fwd	3p	+	79	1105.0	1422.0	1463.0	1051.0	5041.0	2.0	5.0	1.0	2.0	0.0	2.0	2.0	0.0	3.0	1.0	0.0	2.0	0.0	0.0	0.0	0.0	5.0	0.0	14.0	8.0	0.0
fwd	3p	+	80	1115.0	1396.0	1442.0	1047.0	5000.0	0.0	3.0	1.0	2.0	1.0	2.0	1.0	0.0	2.0	0.0	2.0	1.0	0.0	0.0	0.0	0.0	7.0	0.0	9.0	11.0	0.0
fwd	3p	+	81	1121.0	1324.0	1469.0	1065.0	4979.0	0.0	5.0	4.0	3.0	1.0	2.0	0.0	1.0	1.0	0.0	1.0	0.0	0.0	0.0	0.0	0.0	4.0	0.0	8.0	6.0	0.0
fwd	3p	+	82	1067.0	1253.0	1536.0	1092.0	4948.0	0.0	4.0	3.0	5.0	0.0	0.0	4.0	1.0	0.0	0.0	0.0	0.0	0.0	0.0	0.0	0.0	10.0	0.0	12.0	7.0	0.0
fwd	3p	+	83	1100.0	1325.0	1483.0	1022.0	4930.0	3.0	5.0	2.0	2.0	1.0	0.0	1.0	0.0	2.0	0.0	2.0	3.0	0.0	0.0	0.0	0.0	3.0	0.0	12.0	9.0	0.0
fwd	3p	+	84	1064.0	1327.0	1490.0	1009.0	4890.0	1.0	0.0	1.0	1.0	0.0	0.0	1.0	3.0	2.0	0.0	2.0	3.0	0.0	0.0	0.0	0.0	3.0	0.0	8.0	12.0	0.0
fwd	3p	+	85	1050.0	1311.0	1459.0	1036.0	4856.0	3.0	5.0	2.0	2.0	1.0	0.0	1.0	0.0	0.0	0.0	1.0	0.0	0.0	0.0	0.0	0.0	3.0	0.0	13.0	9.0	0.0
fwd	3p	+	86	1049.0	1326.0	1449.0	1009.0	4833.0	3.0	4.0	1.0	2.0	1.0	1.0	3.0	1.0	2.0	1.0	1.0	1.0	0.0	0.0	0.0	0.0	3.0	0.0	6.0	9.0	0.0
fwd	3p	+	87	1024.0	1342.0	1481.0	956.0	4803.0	0.0	0.0	5.0	2.0	1.0	1.0	1.0	1.0	0.0	0.0	0.0	0.0	0.0	0.0	0.0	0.0	3.0	0.0	7.0	6.0	0.0
fwd	3p	+	88	1041.0	1305.0	1432.0	997.0	4775.0	2.0	7.0	1.0	3.0	3.0	0.0	0.0	0.0	0.0	0.0	0.0	0.0	0.0	0.0	0.0	0.0	0.0	0.0	5.0	14.0	0.0
fwd	3p	+	89	1007.0	1312.0	1404.0	1030.0	4753.0	0.0	3.0	1.0	3.0	1.0	1.0	2.0	2.0	0.0	0.0	0.0	1.0	0.0	0.0	0.0	0.0	6.0	0.0	3.0	5.0	0.0
fwd	3p	+	90	977.0	1280.0	1407.0	1035.0	4699.0	3.0	1.0	0.0	4.0	1.0	0.0	3.0	2.0	0.0	1.0	1.0	1.0	0.0	0.0	0.0	0.0	3.0	0.0	14.0	6.0	0.0
fwd	3p	+	91	1012.0	1292.0	1318.0	1046.0	4668.0	3.0	2.0	1.0	3.0	0.0	1.0	0.0	1.0	1.0	0.0	0.0	2.0	0.0	0.0	0.0	0.0	4.0	0.0	6.0	11.0	0.0
fwd	3p	+	92	1035.0	1316.0	1374.0	917.0	4642.0	2.0	3.0	2.0	3.0	1.0	0.0	0.0	1.0	2.0	0.0	0.0	0.0	0.0	0.0	0.0	0.0	3.0	0.0	7.0	7.0	0.0
fwd	3p	+	93	999.0	1278.0	1366.0	960.0	4603.0	3.0	4.0	3.0	2.0	0.0	0.0	1.0	0.0	0.0	1.0	2.0	1.0	0.0	0.0	0.0	0.0	1.0	0.0	12.0	6.0	0.0
fwd	3p	+	94	978.0	1253.0	1418.0	931.0	4580.0	1.0	1.0	2.0	2.0	3.0	0.0	1.0	0.0	0.0	0.0	0.0	2.0	0.0	0.0	0.0	0.0	2.0	0.0	5.0	6.0	0.0
fwd	3p	+	95	990.0	1162.0	1400.0	978.0	4530.0	1.0	0.0	2.0	3.0	0.0	1.0	5.0	1.0	3.0	0.0	0.0	0.0	0.0	0.0	0.0	0.0	1.0	0.0	9.0	5.0	0.0
fwd	3p	+	96	927.0	1256.0	1321.0	982.0	4486.0	1.0	3.0	3.0	2.0	0.0	0.0	2.0	2.0	0.0	0.0	1.0	3.0	0.0	0.0	0.0	0.0	1.0	0.0	15.0	5.0	0.0
fwd	3p	+	97	919.0	1259.0	1279.0	996.0	4453.0	3.0	1.0	2.0	1.0	1.0	0.0	3.0	1.0	0.0	2.0	0.0	1.0	0.0	0.0	0.0	0.0	2.0	0.0	4.0	10.0	0.0
fwd	3p	+	98	895.0	1250.0	1308.0	973.0	4426.0	4.0	7.0	1.0	3.0	0.0	1.0	0.0	0.0	0.0	1.0	2.0	0.0	0.0	0.0	0.0	0.0	3.0	0.0	8.0	2.0	0.0
fwd	3p	+	99	876.0	1248.0	1320.0	946.0	4390.0	0.0	1.0	2.0	4.0	0.0	1.0	2.0	0.0	0.0	0.0	0.0	1.0	0.0	0.0	0.0	0.0	2.0	0.0	9.0	6.0	0.0
fwd	3p	+	100	983.0	1163.0	1262.0	957.0	4365.0	3.0	4.0	3.0	1.0	1.0	0.0	0.0	0.0	1.0	1.0	1.0	1.0	0.0	0.0	0.0	0.0	3.0	0.0	9.0	8.0	0.0
rev	3p	-	1	769.0	1010.0	1026.0	648.0	3453.0	17.0	14.0	19.0	15.0	17.0	8.0	22.0	25.0	16.0	12.0	25.0	12.00.0	0.0	0.0	0.0	0.0	0.0	0.0	0.0	0.0
rev	3p	-	2	772.0	1007.0	1018.0	656.0	3453.0	3.0	4.0	8.0	4.0	3.0	2.0	9.0	9.0	5.0	1.0	13.0	2.00.0	0.0	0.0	0.0	0.0	0.0	0.0	0.0	0.0
rev	3p	-	3	785.0	1093.0	1040.0	670.0	3588.0	2.0	3.0	1.0	4.0	3.0	0.0	4.0	3.0	2.0	0.0	5.0	1.00.0	0.0	0.0	0.0	0.0	0.0	0.0	0.0	0.0
rev	3p	-	4	821.0	1085.0	1025.0	703.0	3634.0	3.0	2.0	4.0	1.0	1.0	1.0	0.0	0.0	0.0	1.0	1.0	0.00.0	0.0	0.0	0.0	13.0	0.0	26.0	31.0	0.0
rev	3p	-	5	862.0	1033.0	1079.0	713.0	3687.0	1.0	1.0	3.0	0.0	0.0	1.0	1.0	0.0	1.0	2.0	3.0	1.00.0	0.0	0.0	0.0	12.0	0.0	30.0	23.0	0.0
rev	3p	-	6	825.0	1086.0	1070.0	787.0	3768.0	1.0	3.0	7.0	2.0	0.0	0.0	1.0	1.0	1.0	1.0	1.0	5.00.0	0.0	0.0	0.0	10.0	0.0	36.0	21.0	0.0
rev	3p	-	7	862.0	1105.0	1136.0	739.0	3842.0	1.0	0.0	5.0	5.0	2.0	1.0	5.0	2.0	5.0	1.0	2.0	4.00.0	0.0	0.0	0.0	12.0	0.0	24.0	31.0	0.0
rev	3p	-	8	880.0	1198.0	1107.0	757.0	3942.0	3.0	2.0	2.0	1.0	0.0	2.0	3.0	2.0	1.0	2.0	3.0	1.00.0	0.0	0.0	0.0	11.0	0.0	24.0	22.0	0.0
rev	3p	-	9	913.0	1183.0	1089.0	829.0	4014.0	1.0	5.0	2.0	5.0	2.0	5.0	3.0	1.0	2.0	2.0	2.0	2.00.0	0.0	0.0	0.0	16.0	0.0	30.0	24.0	0.0
rev	3p	-	10	900.0	1208.0	1210.0	780.0	4098.0	2.0	3.0	5.0	1.0	6.0	0.0	3.0	3.0	1.0	1.0	4.0	3.00.0	0.0	0.0	0.0	13.0	0.0	24.0	17.0	0.0
rev	3p	-	11	936.0	1179.0	1220.0	836.0	4171.0	3.0	2.0	3.0	7.0	4.0	2.0	4.0	1.0	4.0	2.0	3.0	1.00.0	0.0	0.0	0.0	9.0	0.0	14.0	28.0	0.0
rev	3p	-	12	948.0	1290.0	1184.0	815.0	4237.0	4.0	4.0	5.0	1.0	1.0	2.0	7.0	4.0	5.0	3.0	6.0	2.00.0	0.0	0.0	0.0	11.0	0.0	20.0	18.0	0.0
rev	3p	-	13	964.0	1227.0	1208.0	883.0	4282.0	1.0	5.0	6.0	3.0	1.0	0.0	6.0	2.0	1.0	0.0	5.0	3.00.0	0.0	0.0	0.0	12.0	0.0	16.0	25.0	0.0
rev	3p	-	14	992.0	1232.0	1216.0	901.0	4341.0	2.0	5.0	4.0	5.0	1.0	0.0	0.0	1.0	3.0	2.0	2.0	0.00.0	0.0	0.0	0.0	7.0	0.0	19.0	18.0	0.0
rev	3p	-	15	913.0	1228.0	1339.0	909.0	4389.0	3.0	4.0	3.0	1.0	2.0	0.0	0.0	2.0	2.0	1.0	5.0	0.00.0	0.0	0.0	0.0	6.0	0.0	11.0	20.0	0.0
rev	3p	-	16	1009.0	1259.0	1282.0	886.0	4436.0	2.0	4.0	3.0	1.0	0.0	1.0	1.0	2.0	0.0	1.0	0.0	0.00.0	0.0	0.0	0.0	6.0	0.0	4.0	11.0	0.0
rev	3p	-	17	960.0	1255.0	1256.0	988.0	4459.0	4.0	2.0	4.0	1.0	1.0	2.0	2.0	0.0	4.0	1.0	5.0	1.00.0	0.0	0.0	0.0	6.0	0.0	9.0	18.0	0.0
rev	3p	-	18	985.0	1261.0	1289.0	942.0	4477.0	3.0	2.0	2.0	2.0	3.0	1.0	2.0	1.0	1.0	2.0	1.0	2.00.0	0.0	0.0	0.0	6.0	0.0	20.0	17.0	0.0
rev	3p	-	19	994.0	1287.0	1234.0	983.0	4498.0	2.0	3.0	7.0	2.0	4.0	1.0	2.0	2.0	2.0	0.0	2.0	0.00.0	0.0	0.0	0.0	10.0	0.0	19.0	24.0	0.0
rev	3p	-	20	1027.0	1281.0	1285.0	946.0	4539.0	0.0	6.0	6.0	3.0	2.0	2.0	1.0	0.0	0.0	2.0	2.0	0.00.0	0.0	0.0	0.0	7.0	0.0	12.0	16.0	0.0
rev	3p	-	21	995.0	1250.0	1298.0	1013.0	4556.0	2.0	5.0	2.0	1.0	1.0	0.0	1.0	2.0	0.0	2.0	1.0	1.00.0	0.0	0.0	0.0	6.0	0.0	22.0	26.0	0.0
rev	3p	-	22	1020.0	1308.0	1331.0	923.0	4582.0	2.0	4.0	2.0	3.0	3.0	1.0	1.0	2.0	1.0	0.0	0.0	1.00.0	0.0	0.0	0.0	14.0	0.0	21.0	19.0	0.0
rev	3p	-	23	1033.0	1245.0	1346.0	998.0	4622.0	13.0	1.0	3.0	5.0	2.0	1.0	1.0	3.0	1.0	1.0	3.0	1.00.0	0.0	0.0	0.0	11.0	0.0	11.0	16.0	0.0
rev	3p	-	24	978.0	1341.0	1358.0	952.0	4629.0	16.0	7.0	5.0	1.0	1.0	0.0	2.0	0.0	2.0	0.0	4.0	2.00.0	0.0	0.0	0.0	9.0	0.0	26.0	23.0	0.0
rev	3p	-	25	1026.0	1261.0	1389.0	976.0	4652.0	8.0	8.0	6.0	3.0	3.0	0.0	1.0	2.0	0.0	1.0	4.0	0.00.0	0.0	0.0	0.0	12.0	0.0	13.0	23.0	0.0
rev	3p	-	26	1030.0	1354.0	1387.0	918.0	4689.0	4.0	3.0	3.0	5.0	3.0	1.0	2.0	0.0	1.0	1.0	3.0	2.00.0	0.0	0.0	0.0	4.0	0.0	12.0	21.0	0.0
rev	3p	-	27	1047.0	1267.0	1350.0	1023.0	4687.0	2.0	6.0	2.0	5.0	2.0	0.0	1.0	1.0	2.0	2.0	2.0	1.00.0	0.0	0.0	0.0	14.0	0.0	14.0	29.0	0.0
rev	3p	-	28	1061.0	1327.0	1371.0	959.0	4718.0	5.0	6.0	1.0	3.0	1.0	2.0	2.0	2.0	0.0	0.0	1.0	1.00.0	0.0	0.0	0.0	10.0	0.0	11.0	23.0	0.0
rev	3p	-	29	1053.0	1359.0	1326.0	1005.0	4743.0	2.0	5.0	6.0	4.0	4.0	0.0	3.0	1.0	5.0	2.0	2.0	0.00.0	0.0	0.0	0.0	7.0	0.0	15.0	17.0	0.0
rev	3p	-	30	1017.0	1351.0	1417.0	964.0	4749.0	5.0	3.0	4.0	5.0	0.0	1.0	1.0	0.0	0.0	0.0	3.0	2.00.0	0.0	0.0	0.0	10.0	0.0	20.0	22.0	0.0
rev	3p	-	31	1151.0	1308.0	1310.0	1015.0	4784.0	3.0	4.0	3.0	6.0	0.0	0.0	0.0	2.0	3.0	2.0	2.0	3.00.0	0.0	0.0	0.0	7.0	0.0	12.0	23.0	0.0
rev	3p	-	32	1048.0	1377.0	1365.0	995.0	4785.0	1.0	6.0	4.0	3.0	1.0	0.0	2.0	1.0	2.0	1.0	0.0	5.00.0	0.0	0.0	0.0	13.0	0.0	17.0	25.0	0.0
rev	3p	-	33	1087.0	1372.0	1365.0	999.0	4823.0	1.0	4.0	3.0	8.0	3.0	0.0	1.0	3.0	0.0	1.0	2.0	0.00.0	0.0	0.0	0.0	9.0	0.0	15.0	17.0	0.0
rev	3p	-	34	1047.0	1364.0	1367.0	1046.0	4824.0	3.0	3.0	1.0	3.0	0.0	0.0	1.0	1.0	2.0	0.0	3.0	5.00.0	0.0	0.0	0.0	14.0	0.0	15.0	25.0	0.0
rev	3p	-	35	1050.0	1349.0	1437.0	1032.0	4868.0	4.0	4.0	2.0	4.0	0.0	0.0	3.0	0.0	6.0	1.0	3.0	3.00.0	0.0	0.0	0.0	9.0	0.0	13.0	21.0	0.0
rev	3p	-	36	1115.0	1311.0	1461.0	1019.0	4906.0	2.0	6.0	7.0	2.0	1.0	0.0	5.0	1.0	1.0	0.0	3.0	1.00.0	0.0	0.0	0.0	13.0	0.0	11.0	18.0	0.0
rev	3p	-	37	1111.0	1361.0	1468.0	1023.0	4963.0	1.0	4.0	4.0	3.0	1.0	0.0	2.0	1.0	2.0	3.0	2.0	1.00.0	0.0	0.0	0.0	4.0	0.0	14.0	21.0	0.0
rev	3p	-	38	1178.0	1388.0	1422.0	1051.0	5039.0	4.0	2.0	6.0	2.0	1.0	1.0	2.0	1.0	3.0	1.0	2.0	0.00.0	0.0	0.0	0.0	13.0	0.0	15.0	18.0	0.0
rev	3p	-	39	1176.0	1389.0	1492.0	1080.0	5137.0	3.0	1.0	2.0	2.0	0.0	1.0	6.0	2.0	1.0	0.0	1.0	1.00.0	0.0	0.0	0.0	6.0	0.0	13.0	23.0	0.0
rev	3p	-	40	1143.0	1461.0	1453.0	1152.0	5209.0	5.0	8.0	7.0	6.0	2.0	0.0	4.0	0.0	3.0	0.0	2.0	0.00.0	0.0	0.0	0.0	12.0	0.0	17.0	13.0	0.0
rev	3p	-	41	1181.0	1491.0	1531.0	1045.0	5248.0	5.0	5.0	9.0	5.0	1.0	2.0	6.0	4.0	0.0	0.0	6.0	3.00.0	0.0	0.0	0.0	7.0	0.0	18.0	15.0	0.0
rev	3p	-	42	1196.0	1439.0	1568.0	1104.0	5307.0	4.0	5.0	7.0	2.0	1.0	0.0	1.0	2.0	2.0	1.0	2.0	0.00.0	0.0	0.0	0.0	6.0	0.0	12.0	20.0	0.0
rev	3p	-	43	1208.0	1438.0	1562.0	1118.0	5326.0	1.0	5.0	5.0	0.0	1.0	1.0	5.0	2.0	0.0	1.0	0.0	0.00.0	0.0	0.0	0.0	7.0	0.0	16.0	12.0	0.0
rev	3p	-	44	1159.0	1432.0	1591.0	1156.0	5338.0	2.0	5.0	6.0	2.0	7.0	0.0	1.0	4.0	0.0	1.0	4.0	3.00.0	0.0	0.0	0.0	10.0	0.0	17.0	17.0	0.0
rev	3p	-	45	1107.0	1435.0	1667.0	1161.0	5370.0	2.0	3.0	3.0	3.0	2.0	0.0	2.0	2.0	2.0	0.0	2.0	2.00.0	0.0	0.0	0.0	8.0	0.0	10.0	13.0	0.0
rev	3p	-	46	1205.0	1452.0	1599.0	1131.0	5387.0	5.0	3.0	5.0	4.0	3.0	1.0	0.0	1.0	0.0	1.0	4.0	1.00.0	0.0	0.0	0.0	4.0	0.0	18.0	7.0	0.0
rev	3p	-	47	1251.0	1473.0	1509.0	1171.0	5404.0	2.0	7.0	4.0	3.0	0.0	0.0	5.0	2.0	0.0	0.0	0.0	1.00.0	0.0	0.0	0.0	5.0	0.0	11.0	15.0	0.0
rev	3p	-	48	1277.0	1451.0	1523.0	1150.0	5401.0	3.0	5.0	4.0	4.0	1.0	0.0	0.0	0.0	1.0	0.0	0.0	1.00.0	0.0	0.0	0.0	4.0	0.0	22.0	17.0	0.0
rev	3p	-	49	1231.0	1462.0	1562.0	1164.0	5419.0	5.0	4.0	6.0	2.0	0.0	0.0	3.0	2.0	0.0	1.0	2.0	2.00.0	0.0	0.0	0.0	6.0	0.0	19.0	15.0	0.0
rev	3p	-	50	1212.0	1464.0	1613.0	1138.0	5427.0	3.0	1.0	1.0	0.0	3.0	1.0	0.0	0.0	1.0	3.0	1.0	2.00.0	0.0	0.0	0.0	4.0	0.0	15.0	17.0	0.0
rev	3p	-	51	1207.0	1473.0	1654.0	1091.0	5425.0	5.0	4.0	4.0	1.0	1.0	2.0	3.0	1.0	1.0	0.0	1.0	0.00.0	0.0	0.0	0.0	10.0	0.0	12.0	13.0	0.0
rev	3p	-	52	1234.0	1434.0	1606.0	1126.0	5400.0	2.0	2.0	1.0	7.0	2.0	1.0	2.0	0.0	1.0	1.0	1.0	0.00.0	0.0	0.0	0.0	14.0	0.0	13.0	12.0	0.0
rev	3p	-	53	1148.0	1467.0	1586.0	1198.0	5399.0	1.0	6.0	6.0	1.0	1.0	0.0	0.0	1.0	1.0	1.0	3.0	1.00.0	0.0	0.0	0.0	4.0	0.0	14.0	12.0	0.0
rev	3p	-	54	1193.0	1527.0	1536.0	1124.0	5380.0	4.0	8.0	5.0	1.0	1.0	1.0	0.0	1.0	0.0	0.0	4.0	1.00.0	0.0	0.0	0.0	9.0	0.0	15.0	17.0	0.0
rev	3p	-	55	1177.0	1424.0	1561.0	1208.0	5370.0	8.0	1.0	2.0	3.0	0.0	0.0	0.0	3.0	2.0	1.0	2.0	0.00.0	0.0	0.0	0.0	8.0	0.0	10.0	16.0	0.0
rev	3p	-	56	1217.0	1452.0	1543.0	1138.0	5350.0	4.0	4.0	4.0	2.0	0.0	1.0	2.0	3.0	1.0	1.0	2.0	2.00.0	0.0	0.0	0.0	8.0	0.0	18.0	9.0	0.0
rev	3p	-	57	1126.0	1414.0	1572.0	1205.0	5317.0	2.0	8.0	3.0	2.0	0.0	2.0	3.0	1.0	0.0	0.0	2.0	2.00.0	0.0	0.0	0.0	9.0	0.0	13.0	21.0	0.0
rev	3p	-	58	1127.0	1470.0	1526.0	1198.0	5321.0	4.0	1.0	6.0	1.0	2.0	0.0	2.0	0.0	3.0	0.0	4.0	0.00.0	0.0	0.0	0.0	5.0	0.0	14.0	16.0	0.0
rev	3p	-	59	1197.0	1499.0	1501.0	1103.0	5300.0	1.0	3.0	6.0	1.0	0.0	0.0	2.0	3.0	0.0	1.0	3.0	1.00.0	0.0	0.0	0.0	8.0	0.0	14.0	12.0	0.0
rev	3p	-	60	1138.0	1476.0	1541.0	1121.0	5276.0	3.0	4.0	3.0	2.0	0.0	1.0	0.0	2.0	1.0	1.0	6.0	0.00.0	0.0	0.0	0.0	10.0	0.0	17.0	14.0	0.0
rev	3p	-	61	1186.0	1403.0	1550.0	1133.0	5272.0	9.0	2.0	1.0	7.0	1.0	2.0	2.0	2.0	1.0	0.0	4.0	1.00.0	0.0	0.0	0.0	8.0	0.0	8.0	17.0	0.0
rev	3p	-	62	1159.0	1452.0	1545.0	1094.0	5250.0	7.0	3.0	2.0	5.0	4.0	0.0	1.0	1.0	1.0	1.0	4.0	1.00.0	0.0	0.0	0.0	6.0	0.0	12.0	20.0	0.0
rev	3p	-	63	1208.0	1329.0	1557.0	1131.0	5225.0	4.0	0.0	4.0	1.0	0.0	1.0	1.0	3.0	1.0	0.0	6.0	1.00.0	0.0	0.0	0.0	9.0	0.0	17.0	13.0	0.0
rev	3p	-	64	1124.0	1361.0	1563.0	1159.0	5207.0	4.0	3.0	2.0	1.0	1.0	0.0	1.0	2.0	1.0	0.0	6.0	0.00.0	0.0	0.0	0.0	5.0	0.0	16.0	17.0	0.0
rev	3p	-	65	1152.0	1348.0	1554.0	1138.0	5192.0	3.0	4.0	0.0	3.0	0.0	1.0	2.0	2.0	0.0	3.0	0.0	2.00.0	0.0	0.0	0.0	5.0	0.0	10.0	17.0	0.0
rev	3p	-	66	1141.0	1403.0	1548.0	1076.0	5168.0	7.0	1.0	3.0	3.0	4.0	0.0	0.0	4.0	3.0	0.0	2.0	0.00.0	0.0	0.0	0.0	8.0	0.0	10.0	13.0	0.0
rev	3p	-	67	1172.0	1369.0	1556.0	1042.0	5139.0	3.0	5.0	2.0	3.0	1.0	0.0	1.0	1.0	0.0	1.0	2.0	1.00.0	0.0	0.0	0.0	2.0	0.0	11.0	14.0	0.0
rev	3p	-	68	1181.0	1378.0	1536.0	1008.0	5103.0	3.0	2.0	2.0	1.0	1.0	1.0	1.0	0.0	1.0	1.0	2.0	1.00.0	0.0	0.0	0.0	11.0	0.0	16.0	10.0	0.0
rev	3p	-	69	1111.0	1366.0	1495.0	1120.0	5092.0	3.0	4.0	2.0	2.0	1.0	0.0	1.0	0.0	0.0	1.0	2.0	0.00.0	0.0	0.0	0.0	5.0	0.0	9.0	10.0	0.0
rev	3p	-	70	1096.0	1393.0	1508.0	1073.0	5070.0	4.0	2.0	6.0	1.0	0.0	0.0	3.0	3.0	4.0	0.0	0.0	0.00.0	0.0	0.0	0.0	1.0	0.0	12.0	12.0	0.0
rev	3p	-	71	1138.0	1378.0	1455.0	1067.0	5038.0	3.0	5.0	2.0	1.0	2.0	1.0	1.0	2.0	0.0	0.0	1.0	0.00.0	0.0	0.0	0.0	8.0	0.0	11.0	7.0	0.0
rev	3p	-	72	1124.0	1322.0	1546.0	1022.0	5014.0	2.0	0.0	1.0	1.0	4.0	0.0	2.0	1.0	0.0	0.0	1.0	2.00.0	0.0	0.0	0.0	4.0	0.0	11.0	17.0	0.0
rev	3p	-	73	1125.0	1352.0	1461.0	1060.0	4998.0	4.0	2.0	2.0	3.0	0.0	0.0	1.0	0.0	0.0	0.0	4.0	0.00.0	0.0	0.0	0.0	4.0	0.0	9.0	9.0	0.0
rev	3p	-	74	1100.0	1326.0	1498.0	1060.0	4984.0	5.0	0.0	2.0	3.0	0.0	1.0	0.0	0.0	2.0	1.0	2.0	0.00.0	0.0	0.0	0.0	2.0	0.0	11.0	12.0	0.0
rev	3p	-	75	1062.0	1412.0	1482.0	1013.0	4969.0	3.0	4.0	3.0	2.0	0.0	0.0	0.0	0.0	1.0	0.0	1.0	0.00.0	0.0	0.0	0.0	6.0	0.0	13.0	3.0	0.0
rev	3p	-	76	1100.0	1349.0	1427.0	1074.0	4950.0	3.0	3.0	2.0	2.0	0.0	0.0	0.0	0.0	1.0	0.0	2.0	1.00.0	0.0	0.0	0.0	6.0	0.0	6.0	7.0	0.0
rev	3p	-	77	1134.0	1338.0	1367.0	1070.0	4909.0	3.0	4.0	1.0	0.0	1.0	1.0	2.0	0.0	0.0	0.0	0.0	1.00.0	0.0	0.0	0.0	3.0	0.0	14.0	14.0	0.0
rev	3p	-	78	1093.0	1346.0	1420.0	1029.0	4888.0	4.0	5.0	1.0	0.0	0.0	1.0	0.0	2.0	0.0	2.0	2.0	1.00.0	0.0	0.0	0.0	9.0	0.0	9.0	13.0	0.0
rev	3p	-	79	1146.0	1299.0	1434.0	1004.0	4883.0	1.0	4.0	3.0	4.0	0.0	1.0	3.0	0.0	1.0	0.0	3.0	1.00.0	0.0	0.0	0.0	3.0	0.0	10.0	8.0	0.0
rev	3p	-	80	1099.0	1275.0	1443.0	1037.0	4854.0	1.0	3.0	6.0	2.0	1.0	0.0	3.0	1.0	0.0	0.0	0.0	0.00.0	0.0	0.0	0.0	3.0	0.0	6.0	13.0	0.0
rev	3p	-	81	1023.0	1349.0	1406.0	1044.0	4822.0	4.0	2.0	2.0	6.0	0.0	3.0	3.0	2.0	1.0	1.0	3.0	0.00.0	0.0	0.0	0.0	2.0	0.0	12.0	7.0	0.0
rev	3p	-	82	1045.0	1311.0	1413.0	1024.0	4793.0	5.0	4.0	2.0	1.0	0.0	0.0	1.0	1.0	1.0	1.0	1.0	1.00.0	0.0	0.0	0.0	4.0	0.0	9.0	12.0	0.0
rev	3p	-	83	1012.0	1327.0	1398.0	1034.0	4771.0	3.0	3.0	2.0	5.0	2.0	2.0	0.0	3.0	0.0	2.0	1.0	0.00.0	0.0	0.0	0.0	6.0	0.0	9.0	7.0	0.0
rev	3p	-	84	1036.0	1347.0	1337.0	1013.0	4733.0	4.0	3.0	5.0	4.0	1.0	1.0	1.0	0.0	0.0	1.0	3.0	0.00.0	0.0	0.0	0.0	3.0	0.0	10.0	11.0	0.0
rev	3p	-	85	1027.0	1306.0	1367.0	1005.0	4705.0	1.0	2.0	4.0	1.0	1.0	1.0	0.0	1.0	0.0	1.0	2.0	1.00.0	0.0	0.0	0.0	3.0	0.0	11.0	6.0	0.0
rev	3p	-	86	994.0	1339.0	1344.0	1005.0	4682.0	4.0	2.0	0.0	3.0	0.0	2.0	4.0	2.0	1.0	0.0	3.0	0.00.0	0.0	0.0	0.0	1.0	0.0	8.0	1.0	0.0
rev	3p	-	87	978.0	1339.0	1324.0	1002.0	4643.0	1.0	1.0	1.0	2.0	0.0	0.0	0.0	1.0	1.0	1.0	2.0	1.00.0	0.0	0.0	0.0	5.0	0.0	5.0	10.0	0.0
rev	3p	-	88	999.0	1290.0	1339.0	973.0	4601.0	0.0	2.0	2.0	0.0	0.0	0.0	1.0	2.0	0.0	1.0	1.0	0.00.0	0.0	0.0	0.0	3.0	0.0	10.0	7.0	0.0
rev	3p	-	89	976.0	1276.0	1365.0	964.0	4581.0	3.0	3.0	8.0	1.0	2.0	0.0	0.0	1.0	2.0	0.0	0.0	1.00.0	0.0	0.0	0.0	1.0	0.0	6.0	4.0	0.0
rev	3p	-	90	957.0	1279.0	1340.0	958.0	4534.0	3.0	3.0	2.0	3.0	1.0	1.0	0.0	0.0	1.0	0.0	4.0	1.00.0	0.0	0.0	0.0	1.0	0.0	5.0	11.0	0.0
rev	3p	-	91	1001.0	1149.0	1360.0	991.0	4501.0	4.0	3.0	5.0	3.0	2.0	0.0	1.0	1.0	1.0	1.0	1.0	0.00.0	0.0	0.0	0.0	2.0	0.0	11.0	7.0	0.0
rev	3p	-	92	980.0	1232.0	1302.0	967.0	4481.0	0.0	3.0	2.0	2.0	0.0	1.0	0.0	2.0	0.0	0.0	2.0	2.00.0	0.0	0.0	0.0	6.0	0.0	6.0	10.0	0.0
rev	3p	-	93	947.0	1202.0	1324.0	983.0	4456.0	2.0	0.0	1.0	1.0	0.0	0.0	1.0	0.0	2.0	1.0	1.0	0.00.0	0.0	0.0	0.0	0.0	0.0	8.0	11.0	0.0
rev	3p	-	94	970.0	1164.0	1339.0	947.0	4420.0	2.0	3.0	3.0	1.0	0.0	0.0	2.0	1.0	0.0	0.0	1.0	0.00.0	0.0	0.0	0.0	7.0	0.0	10.0	5.0	0.0
rev	3p	-	95	942.0	1264.0	1280.0	910.0	4396.0	5.0	1.0	2.0	1.0	1.0	1.0	0.0	0.0	1.0	2.0	2.0	1.00.0	0.0	0.0	0.0	3.0	0.0	8.0	2.0	0.0
rev	3p	-	96	974.0	1186.0	1247.0	945.0	4352.0	1.0	6.0	3.0	0.0	0.0	0.0	0.0	0.0	2.0	0.0	1.0	0.00.0	0.0	0.0	0.0	6.0	0.0	2.0	4.0	0.0
rev	3p	-	97	981.0	1197.0	1235.0	895.0	4308.0	0.0	1.0	0.0	2.0	1.0	0.0	1.0	1.0	0.0	0.0	1.0	0.00.0	0.0	0.0	0.0	1.0	0.0	11.0	10.0	0.0
rev	3p	-	98	951.0	1145.0	1255.0	935.0	4286.0	1.0	4.0	1.0	3.0	1.0	0.0	0.0	0.0	2.0	0.0	0.0	1.00.0	0.0	0.0	0.0	3.0	0.0	11.0	4.0	0.0
rev	3p	-	99	921.0	1203.0	1259.0	884.0	4267.0	3.0	6.0	2.0	1.0	0.0	0.0	0.0	0.0	1.0	0.0	1.0	0.00.0	0.0	0.0	0.0	3.0	0.0	5.0	1.0	0.0
rev	3p	-	100	968.0	1140.0	1217.0	905.0	4230.0	3.0	1.0	4.0	2.0	1.0	0.0	0.0	1.0	0.0	0.0	0.0	1.00.0	0.0	0.0	0.0	3.0	0.0	12.0	4.0	0.0
fwd	5p	+	1	1169.0	1882.0	1460.0	1068.0	5579.0	7.0	7.0	2.0	6.0	6.0	1.0	4.0	7.0	1.0	5.0	6.0	5.00.0	0.0	0.0	0.0	0.0	0.0	0.0	0.0	0.0
fwd	5p	+	2	1198.0	1658.0	1554.0	1169.0	5579.0	3.0	5.0	1.0	6.0	0.0	1.0	1.0	0.0	1.0	1.0	4.0	1.00.0	0.0	0.0	0.0	0.0	0.0	0.0	0.0	0.0
fwd	5p	+	3	1144.0	1742.0	1497.0	1236.0	5619.0	0.0	2.0	4.0	3.0	1.0	0.0	2.0	0.0	0.0	0.0	3.0	0.00.0	0.0	0.0	0.0	0.0	0.0	0.0	0.0	0.0
fwd	5p	+	4	1194.0	1698.0	1528.0	1217.0	5637.0	2.0	2.0	4.0	2.0	0.0	1.0	0.0	0.0	0.0	0.0	2.0	0.00.0	0.0	0.0	0.0	0.0	0.0	0.0	3.0	0.0
fwd	5p	+	5	1198.0	1658.0	1556.0	1233.0	5645.0	5.0	2.0	3.0	2.0	0.0	0.0	1.0	1.0	0.0	0.0	2.0	1.00.0	0.0	0.0	0.0	1.0	0.0	1.0	1.0	0.0
fwd	5p	+	6	1147.0	1649.0	1571.0	1275.0	5642.0	0.0	2.0	1.0	1.0	0.0	1.0	1.0	1.0	1.0	0.0	0.0	0.00.0	0.0	0.0	0.0	0.0	0.0	11.0	3.0	0.0
fwd	5p	+	7	1150.0	1663.0	1620.0	1230.0	5663.0	2.0	2.0	2.0	2.0	0.0	0.0	2.0	0.0	2.0	0.0	1.0	0.00.0	0.0	0.0	0.0	1.0	0.0	3.0	1.0	0.0
fwd	5p	+	8	1125.0	1738.0	1607.0	1210.0	5680.0	2.0	5.0	2.0	1.0	0.0	1.0	2.0	0.0	0.0	0.0	0.0	0.00.0	0.0	0.0	0.0	1.0	0.0	4.0	2.0	0.0
fwd	5p	+	9	1132.0	1692.0	1624.0	1242.0	5690.0	5.0	5.0	4.0	0.0	0.0	0.0	1.0	0.0	0.0	0.0	0.0	3.00.0	0.0	0.0	0.0	3.0	0.0	6.0	1.0	0.0
fwd	5p	+	10	1176.0	1662.0	1645.0	1221.0	5704.0	2.0	4.0	4.0	5.0	0.0	0.0	3.0	1.0	1.0	0.0	0.0	2.00.0	0.0	0.0	0.0	3.0	0.0	2.0	3.0	0.0
fwd	5p	+	11	1204.0	1672.0	1617.0	1220.0	5713.0	1.0	4.0	5.0	4.0	1.0	1.0	1.0	1.0	0.0	1.0	1.0	0.00.0	0.0	0.0	0.0	1.0	0.0	10.0	2.0	0.0
fwd	5p	+	12	1192.0	1690.0	1637.0	1206.0	5725.0	1.0	3.0	1.0	3.0	0.0	0.0	2.0	1.0	0.0	0.0	0.0	1.00.0	0.0	0.0	0.0	3.0	0.0	6.0	3.0	0.0
fwd	5p	+	13	1202.0	1694.0	1600.0	1222.0	5718.0	2.0	3.0	3.0	3.0	1.0	0.0	2.0	0.0	1.0	0.0	0.0	0.00.0	0.0	0.0	0.0	4.0	0.0	13.0	6.0	0.0
fwd	5p	+	14	1229.0	1655.0	1621.0	1223.0	5728.0	0.0	2.0	2.0	2.0	0.0	1.0	1.0	1.0	0.0	0.0	0.0	0.00.0	0.0	0.0	0.0	1.0	0.0	13.0	4.0	0.0
fwd	5p	+	15	1205.0	1683.0	1643.0	1208.0	5739.0	4.0	4.0	2.0	0.0	0.0	0.0	3.0	1.0	0.0	0.0	2.0	0.00.0	0.0	0.0	0.0	1.0	0.0	6.0	2.0	0.0
fwd	5p	+	16	1246.0	1690.0	1635.0	1171.0	5742.0	4.0	2.0	3.0	0.0	1.0	0.0	4.0	1.0	1.0	0.0	0.0	2.00.0	0.0	0.0	0.0	1.0	0.0	5.0	3.0	0.0
fwd	5p	+	17	1231.0	1629.0	1630.0	1252.0	5742.0	2.0	4.0	2.0	0.0	0.0	1.0	0.0	0.0	1.0	0.0	0.0	0.00.0	0.0	0.0	0.0	5.0	0.0	8.0	3.0	0.0
fwd	5p	+	18	1154.0	1688.0	1668.0	1228.0	5738.0	4.0	2.0	3.0	4.0	1.0	0.0	0.0	1.0	0.0	0.0	0.0	1.00.0	0.0	0.0	0.0	2.0	0.0	9.0	7.0	0.0
fwd	5p	+	19	1191.0	1679.0	1675.0	1199.0	5744.0	2.0	0.0	4.0	2.0	0.0	1.0	1.0	0.0	1.0	0.0	0.0	0.00.0	0.0	0.0	0.0	4.0	0.0	5.0	6.0	0.0
fwd	5p	+	20	1190.0	1702.0	1621.0	1229.0	5742.0	2.0	2.0	2.0	7.0	2.0	1.0	0.0	1.0	0.0	0.0	0.0	0.00.0	0.0	0.0	0.0	3.0	0.0	11.0	4.0	0.0
fwd	5p	+	21	1183.0	1687.0	1650.0	1222.0	5742.0	2.0	4.0	5.0	0.0	0.0	0.0	2.0	0.0	0.0	0.0	0.0	0.00.0	0.0	0.0	0.0	4.0	0.0	8.0	6.0	0.0
fwd	5p	+	22	1184.0	1688.0	1658.0	1215.0	5745.0	2.0	4.0	4.0	1.0	0.0	0.0	2.0	0.0	0.0	0.0	0.0	1.00.0	0.0	0.0	0.0	1.0	0.0	5.0	11.0	0.0
fwd	5p	+	23	1232.0	1694.0	1605.0	1210.0	5741.0	3.0	1.0	3.0	2.0	0.0	0.0	0.0	1.0	2.0	1.0	1.0	0.00.0	0.0	0.0	0.0	1.0	0.0	10.0	6.0	0.0
fwd	5p	+	24	1218.0	1673.0	1673.0	1182.0	5746.0	2.0	4.0	3.0	1.0	1.0	1.0	1.0	0.0	2.0	0.0	0.0	1.00.0	0.0	0.0	0.0	1.0	0.0	6.0	7.0	0.0
fwd	5p	+	25	1204.0	1663.0	1679.0	1202.0	5748.0	1.0	1.0	3.0	3.0	0.0	0.0	3.0	0.0	0.0	0.0	0.0	0.00.0	0.0	0.0	0.0	1.0	0.0	13.0	4.0	0.0
fwd	5p	+	26	1194.0	1707.0	1647.0	1202.0	5750.0	1.0	3.0	4.0	3.0	0.0	0.0	0.0	1.0	2.0	0.0	1.0	0.00.0	0.0	0.0	0.0	2.0	0.0	10.0	1.0	0.0
fwd	5p	+	27	1203.0	1664.0	1645.0	1230.0	5742.0	1.0	2.0	3.0	2.0	1.0	1.0	1.0	0.0	1.0	0.0	0.0	0.00.0	0.0	0.0	0.0	3.0	0.0	10.0	12.0	0.0
fwd	5p	+	28	1188.0	1699.0	1662.0	1194.0	5743.0	6.0	3.0	3.0	4.0	1.0	0.0	1.0	0.0	0.0	1.0	1.0	1.00.0	0.0	0.0	0.0	1.0	0.0	13.0	11.0	0.0
fwd	5p	+	29	1231.0	1715.0	1596.0	1207.0	5749.0	6.0	3.0	4.0	0.0	0.0	1.0	0.0	0.0	0.0	0.0	1.0	3.00.0	0.0	0.0	0.0	2.0	0.0	10.0	7.0	0.0
fwd	5p	+	30	1171.0	1709.0	1649.0	1221.0	5750.0	1.0	5.0	4.0	3.0	0.0	0.0	2.0	0.0	1.0	0.0	1.0	1.00.0	0.0	0.0	0.0	3.0	0.0	18.0	3.0	0.0
fwd	5p	+	31	1213.0	1655.0	1659.0	1228.0	5755.0	4.0	6.0	7.0	3.0	1.0	0.0	4.0	0.0	2.0	0.0	0.0	1.00.0	0.0	0.0	0.0	4.0	0.0	11.0	5.0	0.0
fwd	5p	+	32	1210.0	1682.0	1665.0	1204.0	5761.0	2.0	3.0	3.0	2.0	0.0	0.0	0.0	0.0	2.0	0.0	3.0	1.00.0	0.0	0.0	0.0	3.0	0.0	5.0	3.0	0.0
fwd	5p	+	33	1233.0	1684.0	1649.0	1191.0	5757.0	1.0	5.0	2.0	5.0	1.0	1.0	2.0	0.0	1.0	0.0	0.0	3.00.0	0.0	0.0	0.0	2.0	0.0	10.0	7.0	0.0
fwd	5p	+	34	1222.0	1707.0	1624.0	1201.0	5754.0	3.0	4.0	5.0	3.0	1.0	1.0	1.0	1.0	4.0	0.0	1.0	1.00.0	0.0	0.0	0.0	1.0	0.0	9.0	6.0	0.0
fwd	5p	+	35	1217.0	1664.0	1648.0	1225.0	5754.0	4.0	5.0	3.0	7.0	1.0	0.0	2.0	0.0	0.0	0.0	1.0	0.00.0	0.0	0.0	0.0	5.0	0.0	10.0	3.0	0.0
fwd	5p	+	36	1183.0	1637.0	1749.0	1183.0	5752.0	5.0	2.0	1.0	1.0	0.0	0.0	2.0	1.0	1.0	0.0	1.0	0.00.0	0.0	0.0	0.0	3.0	0.0	9.0	8.0	0.0
fwd	5p	+	37	1232.0	1647.0	1643.0	1230.0	5752.0	2.0	3.0	3.0	4.0	0.0	0.0	0.0	0.0	1.0	0.0	1.0	0.00.0	0.0	0.0	0.0	1.0	0.0	16.0	6.0	0.0
fwd	5p	+	38	1214.0	1653.0	1656.0	1223.0	5746.0	5.0	6.0	1.0	1.0	0.0	0.0	2.0	0.0	0.0	1.0	0.0	0.00.0	0.0	0.0	0.0	6.0	0.0	21.0	4.0	0.0
fwd	5p	+	39	1230.0	1627.0	1685.0	1218.0	5760.0	2.0	1.0	4.0	6.0	0.0	1.0	0.0	0.0	0.0	0.0	0.0	1.00.0	0.0	0.0	0.0	0.0	0.0	9.0	7.0	0.0
fwd	5p	+	40	1166.0	1673.0	1713.0	1193.0	5745.0	2.0	4.0	3.0	2.0	0.0	0.0	2.0	1.0	1.0	0.0	3.0	3.00.0	0.0	0.0	0.0	3.0	0.0	17.0	8.0	0.0
fwd	5p	+	41	1224.0	1686.0	1620.0	1212.0	5742.0	2.0	5.0	2.0	9.0	0.0	0.0	2.0	1.0	0.0	0.0	0.0	0.00.0	0.0	0.0	0.0	1.0	0.0	9.0	13.0	0.0
fwd	5p	+	42	1224.0	1637.0	1663.0	1217.0	5741.0	2.0	5.0	0.0	3.0	1.0	0.0	3.0	2.0	2.0	0.0	0.0	1.00.0	0.0	0.0	0.0	2.0	0.0	12.0	7.0	0.0
fwd	5p	+	43	1222.0	1606.0	1718.0	1203.0	5749.0	1.0	1.0	0.0	5.0	2.0	1.0	0.0	0.0	3.0	2.0	1.0	1.00.0	0.0	0.0	0.0	2.0	0.0	13.0	8.0	0.0
fwd	5p	+	44	1185.0	1645.0	1694.0	1223.0	5747.0	1.0	4.0	2.0	3.0	1.0	0.0	3.0	0.0	1.0	1.0	0.0	2.00.0	0.0	0.0	0.0	2.0	0.0	10.0	8.0	0.0
fwd	5p	+	45	1156.0	1735.0	1656.0	1194.0	5741.0	2.0	4.0	3.0	5.0	1.0	0.0	1.0	0.0	2.0	0.0	1.0	2.00.0	0.0	0.0	0.0	3.0	0.0	11.0	7.0	0.0
fwd	5p	+	46	1270.0	1602.0	1642.0	1226.0	5740.0	2.0	3.0	0.0	5.0	2.0	1.0	0.0	1.0	2.0	0.0	1.0	0.00.0	0.0	0.0	0.0	5.0	0.0	11.0	7.0	0.0
fwd	5p	+	47	1201.0	1606.0	1736.0	1193.0	5736.0	4.0	2.0	5.0	3.0	0.0	1.0	0.0	1.0	0.0	0.0	2.0	1.00.0	0.0	0.0	0.0	1.0	0.0	16.0	6.0	0.0
fwd	5p	+	48	1198.0	1675.0	1690.0	1170.0	5733.0	5.0	2.0	3.0	4.0	1.0	0.0	0.0	0.0	0.0	1.0	1.0	1.00.0	0.0	0.0	0.0	3.0	0.0	10.0	8.0	0.0
fwd	5p	+	49	1225.0	1645.0	1660.0	1194.0	5724.0	2.0	0.0	2.0	2.0	1.0	0.0	3.0	2.0	2.0	0.0	1.0	0.00.0	0.0	0.0	0.0	5.0	0.0	13.0	9.0	0.0
fwd	5p	+	50	1181.0	1658.0	1703.0	1181.0	5723.0	5.0	1.0	5.0	6.0	2.0	1.0	3.0	1.0	0.0	0.0	0.0	1.00.0	0.0	0.0	0.0	3.0	0.0	14.0	4.0	0.0
fwd	5p	+	51	1248.0	1623.0	1710.0	1126.0	5707.0	2.0	1.0	4.0	2.0	1.0	0.0	0.0	1.0	0.0	0.0	0.0	1.00.0	0.0	0.0	0.0	4.0	0.0	10.0	4.0	0.0
fwd	5p	+	52	1209.0	1633.0	1687.0	1148.0	5677.0	2.0	5.0	3.0	0.0	1.0	1.0	2.0	1.0	2.0	2.0	1.0	1.00.0	0.0	0.0	0.0	6.0	0.0	13.0	12.0	0.0
fwd	5p	+	53	1183.0	1618.0	1628.0	1227.0	5656.0	4.0	2.0	4.0	2.0	1.0	0.0	2.0	1.0	0.0	2.0	1.0	1.00.0	0.0	0.0	0.0	3.0	0.0	8.0	8.0	0.0
fwd	5p	+	54	1118.0	1613.0	1715.0	1186.0	5632.0	5.0	2.0	4.0	4.0	0.0	2.0	0.0	6.0	0.0	1.0	2.0	0.00.0	0.0	0.0	0.0	5.0	0.0	11.0	4.0	0.0
fwd	5p	+	55	1183.0	1605.0	1642.0	1164.0	5594.0	6.0	3.0	4.0	3.0	0.0	2.0	2.0	0.0	0.0	0.0	2.0	1.00.0	0.0	0.0	0.0	1.0	0.0	16.0	10.0	0.0
fwd	5p	+	56	1217.0	1584.0	1620.0	1155.0	5576.0	1.0	1.0	3.0	5.0	0.0	0.0	1.0	0.0	1.0	0.0	0.0	1.00.0	0.0	0.0	0.0	4.0	0.0	10.0	11.0	0.0
fwd	5p	+	57	1162.0	1559.0	1670.0	1156.0	5547.0	3.0	2.0	3.0	2.0	0.0	0.0	3.0	2.0	0.0	0.0	3.0	1.00.0	0.0	0.0	0.0	2.0	0.0	11.0	11.0	0.0
fwd	5p	+	58	1229.0	1567.0	1606.0	1136.0	5538.0	5.0	1.0	2.0	4.0	3.0	1.0	5.0	0.0	0.0	0.0	2.0	2.00.0	0.0	0.0	0.0	2.0	0.0	5.0	11.0	0.0
fwd	5p	+	59	1203.0	1524.0	1630.0	1141.0	5498.0	5.0	3.0	2.0	7.0	1.0	1.0	1.0	1.0	2.0	1.0	1.0	1.00.0	0.0	0.0	0.0	2.0	0.0	19.0	8.0	0.0
fwd	5p	+	60	1202.0	1591.0	1602.0	1083.0	5478.0	5.0	4.0	5.0	1.0	1.0	0.0	0.0	1.0	0.0	2.0	0.0	2.00.0	0.0	0.0	0.0	6.0	0.0	16.0	9.0	0.0
fwd	5p	+	61	1132.0	1546.0	1644.0	1133.0	5455.0	2.0	2.0	4.0	7.0	1.0	0.0	1.0	2.0	0.0	0.0	1.0	4.00.0	0.0	0.0	0.0	5.0	0.0	13.0	11.0	0.0
fwd	5p	+	62	1148.0	1550.0	1601.0	1132.0	5431.0	2.0	4.0	3.0	3.0	3.0	0.0	4.0	0.0	1.0	1.0	1.0	2.00.0	0.0	0.0	0.0	3.0	0.0	15.0	13.0	0.0
fwd	5p	+	63	1153.0	1539.0	1585.0	1134.0	5411.0	3.0	3.0	6.0	3.0	1.0	0.0	2.0	0.0	3.0	2.0	0.0	1.00.0	0.0	0.0	0.0	5.0	0.0	15.0	8.0	0.0
fwd	5p	+	64	1150.0	1490.0	1624.0	1112.0	5376.0	6.0	2.0	2.0	3.0	4.0	1.0	1.0	1.0	0.0	0.0	1.0	1.00.0	0.0	0.0	0.0	9.0	0.0	14.0	13.0	0.0
fwd	5p	+	65	1144.0	1489.0	1582.0	1145.0	5360.0	2.0	2.0	2.0	4.0	1.0	0.0	0.0	1.0	1.0	0.0	1.0	1.00.0	0.0	0.0	0.0	6.0	0.0	18.0	6.0	0.0
fwd	5p	+	66	1147.0	1448.0	1594.0	1149.0	5338.0	2.0	0.0	5.0	3.0	0.0	1.0	1.0	0.0	1.0	0.0	1.0	2.00.0	0.0	0.0	0.0	3.0	0.0	8.0	9.0	0.0
fwd	5p	+	67	1111.0	1509.0	1600.0	1093.0	5313.0	6.0	2.0	2.0	2.0	0.0	0.0	3.0	0.0	1.0	0.0	2.0	0.00.0	0.0	0.0	0.0	5.0	0.0	21.0	8.0	0.0
fwd	5p	+	68	1143.0	1512.0	1551.0	1097.0	5303.0	1.0	2.0	3.0	3.0	0.0	1.0	1.0	0.0	0.0	0.0	1.0	2.00.0	0.0	0.0	0.0	0.0	0.0	13.0	3.0	0.0
fwd	5p	+	69	1124.0	1493.0	1562.0	1093.0	5272.0	3.0	3.0	0.0	2.0	1.0	0.0	2.0	2.0	4.0	2.0	2.0	2.00.0	0.0	0.0	0.0	3.0	0.0	18.0	11.0	0.0
fwd	5p	+	70	1140.0	1495.0	1556.0	1054.0	5245.0	4.0	3.0	2.0	3.0	2.0	0.0	4.0	1.0	1.0	0.0	0.0	1.00.0	0.0	0.0	0.0	8.0	0.0	12.0	15.0	0.0
fwd	5p	+	71	1144.0	1436.0	1539.0	1091.0	5210.0	2.0	5.0	2.0	6.0	3.0	0.0	1.0	1.0	1.0	0.0	0.0	1.00.0	0.0	0.0	0.0	1.0	0.0	22.0	14.0	0.0
fwd	5p	+	72	1060.0	1445.0	1587.0	1099.0	5191.0	2.0	1.0	5.0	5.0	0.0	1.0	1.0	1.0	1.0	1.0	1.0	0.00.0	0.0	0.0	0.0	2.0	0.0	13.0	12.0	0.0
fwd	5p	+	73	1107.0	1406.0	1554.0	1106.0	5173.0	5.0	1.0	3.0	3.0	1.0	2.0	0.0	0.0	2.0	1.0	4.0	1.00.0	0.0	0.0	0.0	5.0	0.0	14.0	8.0	0.0
fwd	5p	+	74	1073.0	1457.0	1498.0	1119.0	5147.0	2.0	2.0	2.0	4.0	2.0	0.0	4.0	0.0	4.0	0.0	0.0	2.00.0	0.0	0.0	0.0	3.0	0.0	13.0	16.0	0.0
fwd	5p	+	75	1100.0	1406.0	1492.0	1126.0	5124.0	7.0	2.0	2.0	5.0	0.0	2.0	3.0	1.0	0.0	1.0	1.0	3.00.0	0.0	0.0	0.0	5.0	0.0	7.0	10.0	0.0
fwd	5p	+	76	1138.0	1413.0	1474.0	1065.0	5090.0	4.0	5.0	1.0	9.0	0.0	2.0	0.0	1.0	0.0	0.0	0.0	2.00.0	0.0	0.0	0.0	7.0	0.0	12.0	7.0	0.0
fwd	5p	+	77	1060.0	1434.0	1518.0	1052.0	5064.0	0.0	3.0	3.0	3.0	1.0	1.0	3.0	1.0	3.0	0.0	2.0	2.00.0	0.0	0.0	0.0	4.0	0.0	11.0	7.0	0.0
fwd	5p	+	78	1064.0	1433.0	1494.0	1048.0	5039.0	0.0	1.0	1.0	4.0	2.0	2.0	1.0	1.0	3.0	0.0	2.0	2.00.0	0.0	0.0	0.0	3.0	0.0	11.0	10.0	0.0
fwd	5p	+	79	1064.0	1428.0	1453.0	1055.0	5000.0	6.0	3.0	2.0	1.0	2.0	0.0	2.0	2.0	1.0	1.0	4.0	2.00.0	0.0	0.0	0.0	5.0	0.0	18.0	12.0	0.0
fwd	5p	+	80	1083.0	1377.0	1444.0	1068.0	4972.0	5.0	3.0	3.0	6.0	0.0	1.0	0.0	0.0	3.0	0.0	0.0	2.00.0	0.0	0.0	0.0	3.0	0.0	12.0	8.0	0.0
fwd	5p	+	81	1058.0	1388.0	1462.0	1034.0	4942.0	1.0	5.0	2.0	3.0	0.0	0.0	2.0	1.0	1.0	0.0	0.0	2.00.0	0.0	0.0	0.0	3.0	0.0	11.0	9.0	0.0
fwd	5p	+	82	1066.0	1367.0	1476.0	1002.0	4911.0	2.0	1.0	0.0	3.0	1.0	1.0	1.0	0.0	1.0	0.0	1.0	2.00.0	0.0	0.0	0.0	1.0	0.0	19.0	7.0	0.0
fwd	5p	+	83	1057.0	1355.0	1426.0	1043.0	4881.0	5.0	0.0	1.0	3.0	2.0	0.0	4.0	4.0	2.0	1.0	0.0	2.00.0	0.0	0.0	0.0	7.0	0.0	14.0	9.0	0.0
fwd	5p	+	84	1041.0	1347.0	1459.0	987.0	4834.0	4.0	3.0	1.0	1.0	3.0	1.0	1.0	5.0	2.0	0.0	2.0	1.00.0	0.0	0.0	0.0	5.0	0.0	17.0	19.0	0.0
fwd	5p	+	85	1103.0	1316.0	1394.0	1000.0	4813.0	5.0	2.0	5.0	3.0	3.0	1.0	2.0	2.0	1.0	1.0	0.0	2.00.0	0.0	0.0	0.0	6.0	0.0	15.0	9.0	0.0
fwd	5p	+	86	1005.0	1339.0	1401.0	1025.0	4770.0	3.0	2.0	1.0	2.0	2.0	1.0	3.0	2.0	2.0	0.0	3.0	1.00.0	0.0	0.0	0.0	5.0	0.0	13.0	23.0	0.0
fwd	5p	+	87	1030.0	1323.0	1436.0	959.0	4748.0	5.0	2.0	3.0	5.0	0.0	2.0	1.0	2.0	2.0	0.0	1.0	1.00.0	0.0	0.0	0.0	5.0	0.0	12.0	16.0	0.0
fwd	5p	+	88	1041.0	1270.0	1386.0	1019.0	4716.0	4.0	3.0	2.0	4.0	0.0	2.0	2.0	6.0	0.0	1.0	1.0	2.00.0	0.0	0.0	0.0	1.0	0.0	18.0	12.0	0.0
fwd	5p	+	89	999.0	1261.0	1475.0	960.0	4695.0	3.0	0.0	5.0	0.0	3.0	1.0	1.0	0.0	2.0	1.0	3.0	0.00.0	0.0	0.0	0.0	5.0	0.0	11.0	9.0	0.0
fwd	5p	+	90	969.0	1306.0	1395.0	969.0	4639.0	3.0	1.0	4.0	2.0	0.0	0.0	3.0	4.0	4.0	0.0	1.0	2.00.0	0.0	0.0	0.0	4.0	0.0	15.0	18.0	0.0
fwd	5p	+	91	1007.0	1239.0	1382.0	978.0	4606.0	4.0	2.0	3.0	3.0	0.0	1.0	2.0	1.0	1.0	1.0	5.0	3.00.0	0.0	0.0	0.0	5.0	0.0	14.0	11.0	0.0
fwd	5p	+	92	1010.0	1250.0	1373.0	954.0	4587.0	4.0	2.0	1.0	3.0	1.0	0.0	3.0	4.0	4.0	0.0	2.0	0.00.0	0.0	0.0	0.0	6.0	0.0	8.0	6.0	0.0
fwd	5p	+	93	947.0	1274.0	1332.0	968.0	4521.0	3.0	2.0	2.0	3.0	2.0	1.0	3.0	0.0	2.0	0.0	4.0	2.00.0	0.0	0.0	0.0	9.0	0.0	17.0	11.0	0.0
fwd	5p	+	94	999.0	1234.0	1281.0	986.0	4500.0	3.0	6.0	1.0	4.0	0.0	1.0	2.0	1.0	0.0	0.0	3.0	1.00.0	0.0	0.0	0.0	2.0	0.0	14.0	11.0	0.0
fwd	5p	+	95	956.0	1243.0	1302.0	939.0	4440.0	2.0	2.0	1.0	4.0	1.0	0.0	0.0	0.0	3.0	1.0	0.0	1.00.0	0.0	0.0	0.0	6.0	0.0	17.0	11.0	0.0
fwd	5p	+	96	983.0	1164.0	1298.0	964.0	4409.0	3.0	4.0	2.0	4.0	0.0	1.0	2.0	2.0	3.0	1.0	1.0	1.00.0	0.0	0.0	0.0	4.0	0.0	14.0	11.0	0.0
fwd	5p	+	97	880.0	1169.0	1361.0	973.0	4383.0	1.0	0.0	4.0	1.0	1.0	1.0	3.0	2.0	2.0	0.0	1.0	0.00.0	0.0	0.0	0.0	3.0	0.0	7.0	9.0	0.0
fwd	5p	+	98	934.0	1177.0	1314.0	919.0	4344.0	3.0	1.0	3.0	6.0	1.0	1.0	2.0	2.0	2.0	0.0	1.0	1.00.0	0.0	0.0	0.0	4.0	0.0	13.0	8.0	0.0
fwd	5p	+	99	907.0	1197.0	1276.0	914.0	4294.0	5.0	1.0	1.0	3.0	2.0	3.0	2.0	4.0	1.0	0.0	0.0	2.00.0	0.0	0.0	0.0	9.0	0.0	15.0	16.0	0.0
fwd	5p	+	100	942.0	1106.0	1288.0	934.0	4270.0	2.0	3.0	7.0	3.0	4.0	2.0	2.0	5.0	0.0	1.0	3.0	0.00.0	0.0	0.0	0.0	4.0	0.0	11.0	17.0	0.0
rev	5p	-	1	1166.0	1744.0	1431.0	1039.0	5380.0	4.0	9.0	4.0	5.0	4.0	4.0	1.0	7.0	1.0	3.0	3.0	5.00.0	0.0	0.0	0.0	0.0	0.0	0.0	0.0	0.0
rev	5p	-	2	1104.0	1583.0	1537.0	1156.0	5380.0	2.0	6.0	3.0	5.0	1.0	1.0	2.0	1.0	1.0	1.0	2.0	0.00.0	0.0	0.0	0.0	0.0	0.0	0.0	0.0	0.0
rev	5p	-	3	1050.0	1751.0	1455.0	1163.0	5419.0	1.0	2.0	5.0	2.0	0.0	0.0	0.0	0.0	1.0	2.0	3.0	0.00.0	0.0	0.0	0.0	0.0	0.0	0.0	0.0	0.0
rev	5p	-	4	1156.0	1605.0	1473.0	1212.0	5446.0	1.0	0.0	3.0	2.0	0.0	0.0	0.0	0.0	2.0	0.0	0.0	1.00.0	0.0	0.0	0.0	0.0	0.0	0.0	1.0	0.0
rev	5p	-	5	1136.0	1606.0	1566.0	1140.0	5448.0	3.0	2.0	4.0	1.0	0.0	0.0	0.0	0.0	0.0	0.0	1.0	0.00.0	0.0	0.0	0.0	0.0	0.0	1.0	4.0	0.0
rev	5p	-	6	1146.0	1564.0	1551.0	1195.0	5456.0	2.0	2.0	1.0	4.0	1.0	0.0	1.0	0.0	1.0	0.0	1.0	0.00.0	0.0	0.0	0.0	0.0	0.0	2.0	3.0	0.0
rev	5p	-	7	1143.0	1571.0	1602.0	1150.0	5466.0	3.0	2.0	2.0	3.0	0.0	0.0	0.0	0.0	0.0	0.0	3.0	0.00.0	0.0	0.0	0.0	1.0	0.0	2.0	2.0	0.0
rev	5p	-	8	1119.0	1675.0	1531.0	1153.0	5478.0	0.0	0.0	2.0	2.0	2.0	0.0	0.0	2.0	0.0	1.0	1.0	1.00.0	0.0	0.0	0.0	1.0	0.0	1.0	3.0	0.0
rev	5p	-	9	1148.0	1603.0	1535.0	1204.0	5490.0	3.0	1.0	2.0	1.0	1.0	1.0	0.0	1.0	0.0	0.0	2.0	1.00.0	0.0	0.0	0.0	0.0	0.0	2.0	2.0	0.0
rev	5p	-	10	1110.0	1638.0	1581.0	1171.0	5500.0	1.0	1.0	2.0	0.0	0.0	0.0	0.0	1.0	1.0	1.0	0.0	0.00.0	0.0	0.0	0.0	3.0	0.0	3.0	5.0	0.0
rev	5p	-	11	1168.0	1608.0	1566.0	1167.0	5509.0	3.0	3.0	4.0	4.0	0.0	0.0	0.0	1.0	0.0	2.0	0.0	0.00.0	0.0	0.0	0.0	2.0	0.0	10.0	0.0	0.0
rev	5p	-	12	1142.0	1653.0	1595.0	1136.0	5526.0	1.0	4.0	1.0	1.0	1.0	0.0	0.0	2.0	1.0	0.0	0.0	0.00.0	0.0	0.0	0.0	2.0	0.0	4.0	0.0	0.0
rev	5p	-	13	1209.0	1636.0	1560.0	1123.0	5528.0	3.0	2.0	2.0	5.0	0.0	0.0	2.0	0.0	1.0	0.0	3.0	1.00.0	0.0	0.0	0.0	0.0	0.0	7.0	1.0	0.0
rev	5p	-	14	1207.0	1609.0	1557.0	1160.0	5533.0	2.0	6.0	3.0	1.0	0.0	0.0	1.0	2.0	1.0	0.0	0.0	1.00.0	0.0	0.0	0.0	1.0	0.0	3.0	4.0	0.0
rev	5p	-	15	1168.0	1595.0	1628.0	1148.0	5539.0	3.0	1.0	5.0	3.0	0.0	0.0	1.0	0.0	2.0	0.0	2.0	1.00.0	0.0	0.0	0.0	1.0	0.0	1.0	2.0	0.0
rev	5p	-	16	1204.0	1622.0	1583.0	1128.0	5537.0	1.0	1.0	4.0	0.0	0.0	1.0	1.0	0.0	0.0	0.0	0.0	0.00.0	0.0	0.0	0.0	2.0	0.0	3.0	4.0	0.0
rev	5p	-	17	1242.0	1549.0	1559.0	1192.0	5542.0	0.0	1.0	2.0	3.0	0.0	2.0	0.0	1.0	0.0	0.0	0.0	2.00.0	0.0	0.0	0.0	1.0	0.0	7.0	1.0	0.0
rev	5p	-	18	1172.0	1583.0	1611.0	1167.0	5533.0	3.0	3.0	2.0	5.0	0.0	0.0	0.0	1.0	1.0	1.0	0.0	0.00.0	0.0	0.0	0.0	6.0	0.0	7.0	4.0	0.0
rev	5p	-	19	1176.0	1623.0	1615.0	1128.0	5542.0	3.0	1.0	3.0	1.0	0.0	1.0	1.0	1.0	1.0	0.0	1.0	0.00.0	0.0	0.0	0.0	3.0	0.0	5.0	4.0	0.0
rev	5p	-	20	1222.0	1596.0	1547.0	1172.0	5537.0	3.0	3.0	0.0	1.0	1.0	0.0	0.0	0.0	0.0	1.0	2.0	1.00.0	0.0	0.0	0.0	1.0	0.0	9.0	6.0	0.0
rev	5p	-	21	1198.0	1546.0	1630.0	1168.0	5542.0	2.0	1.0	1.0	4.0	1.0	0.0	0.0	0.0	0.0	2.0	1.0	0.00.0	0.0	0.0	0.0	1.0	0.0	5.0	7.0	0.0
rev	5p	-	22	1168.0	1603.0	1666.0	1108.0	5545.0	4.0	4.0	1.0	1.0	2.0	0.0	0.0	1.0	0.0	1.0	0.0	1.00.0	0.0	0.0	0.0	1.0	0.0	9.0	2.0	0.0
rev	5p	-	23	1157.0	1622.0	1623.0	1144.0	5546.0	4.0	2.0	4.0	1.0	0.0	0.0	1.0	3.0	0.0	1.0	2.0	1.00.0	0.0	0.0	0.0	2.0	0.0	7.0	3.0	0.0
rev	5p	-	24	1161.0	1592.0	1592.0	1200.0	5545.0	8.0	1.0	3.0	3.0	0.0	0.0	1.0	0.0	0.0	1.0	2.0	0.00.0	0.0	0.0	0.0	4.0	0.0	8.0	4.0	0.0
rev	5p	-	25	1178.0	1614.0	1560.0	1190.0	5542.0	2.0	1.0	2.0	1.0	0.0	0.0	2.0	0.0	0.0	1.0	2.0	2.00.0	0.0	0.0	0.0	5.0	0.0	10.0	3.0	0.0
rev	5p	-	26	1185.0	1526.0	1617.0	1215.0	5543.0	2.0	0.0	1.0	1.0	2.0	0.0	1.0	0.0	0.0	0.0	2.0	0.00.0	0.0	0.0	0.0	5.0	0.0	8.0	8.0	0.0
rev	5p	-	27	1203.0	1628.0	1586.0	1129.0	5546.0	3.0	3.0	2.0	3.0	1.0	2.0	0.0	1.0	0.0	1.0	0.0	2.00.0	0.0	0.0	0.0	3.0	0.0	9.0	6.0	0.0
rev	5p	-	28	1199.0	1607.0	1591.0	1145.0	5542.0	3.0	2.0	2.0	2.0	1.0	1.0	0.0	0.0	3.0	0.0	1.0	1.00.0	0.0	0.0	0.0	3.0	0.0	6.0	12.0	0.0
rev	5p	-	29	1219.0	1565.0	1620.0	1143.0	5547.0	8.0	1.0	2.0	1.0	1.0	0.0	0.0	2.0	0.0	0.0	1.0	1.00.0	0.0	0.0	0.0	1.0	0.0	13.0	2.0	0.0
rev	5p	-	30	1207.0	1616.0	1567.0	1152.0	5542.0	2.0	1.0	3.0	3.0	1.0	0.0	2.0	0.0	0.0	0.0	2.0	1.00.0	0.0	0.0	0.0	2.0	0.0	8.0	10.0	0.0
rev	5p	-	31	1196.0	1584.0	1612.0	1149.0	5541.0	3.0	2.0	1.0	1.0	0.0	0.0	1.0	0.0	1.0	1.0	1.0	1.00.0	0.0	0.0	0.0	7.0	0.0	10.0	9.0	0.0
rev	5p	-	32	1181.0	1592.0	1613.0	1162.0	5548.0	1.0	0.0	2.0	3.0	1.0	1.0	1.0	1.0	0.0	0.0	2.0	0.00.0	0.0	0.0	0.0	3.0	0.0	9.0	7.0	0.0
rev	5p	-	33	1186.0	1565.0	1625.0	1174.0	5550.0	5.0	2.0	3.0	3.0	1.0	0.0	0.0	0.0	0.0	1.0	2.0	0.00.0	0.0	0.0	0.0	4.0	0.0	9.0	3.0	0.0
rev	5p	-	34	1219.0	1595.0	1592.0	1140.0	5546.0	2.0	3.0	2.0	4.0	1.0	0.0	2.0	0.0	1.0	1.0	3.0	0.00.0	0.0	0.0	0.0	5.0	0.0	7.0	8.0	0.0
rev	5p	-	35	1209.0	1539.0	1620.0	1176.0	5544.0	7.0	1.0	0.0	3.0	1.0	0.0	1.0	0.0	1.0	1.0	0.0	0.00.0	0.0	0.0	0.0	2.0	0.0	17.0	4.0	0.0
rev	5p	-	36	1212.0	1524.0	1646.0	1167.0	5549.0	3.0	3.0	4.0	5.0	0.0	0.0	1.0	2.0	0.0	2.0	1.0	0.00.0	0.0	0.0	0.0	4.0	0.0	7.0	10.0	0.0
rev	5p	-	37	1175.0	1584.0	1643.0	1140.0	5542.0	2.0	3.0	3.0	3.0	2.0	0.0	0.0	1.0	1.0	0.0	0.0	0.00.0	0.0	0.0	0.0	3.0	0.0	9.0	12.0	0.0
rev	5p	-	38	1200.0	1581.0	1616.0	1155.0	5552.0	3.0	2.0	4.0	1.0	0.0	0.0	0.0	0.0	0.0	0.0	1.0	0.00.0	0.0	0.0	0.0	4.0	0.0	5.0	8.0	0.0
rev	5p	-	39	1156.0	1627.0	1667.0	1100.0	5550.0	8.0	3.0	0.0	4.0	0.0	0.0	2.0	1.0	0.0	0.0	0.0	0.00.0	0.0	0.0	0.0	1.0	0.0	7.0	7.0	0.0
rev	5p	-	40	1224.0	1560.0	1609.0	1152.0	5545.0	4.0	2.0	4.0	1.0	0.0	0.0	0.0	2.0	0.0	0.0	5.0	0.00.0	0.0	0.0	0.0	2.0	0.0	10.0	8.0	0.0
rev	5p	-	41	1235.0	1580.0	1579.0	1155.0	5549.0	2.0	5.0	5.0	0.0	3.0	1.0	2.0	1.0	1.0	0.0	1.0	0.00.0	0.0	0.0	0.0	2.0	0.0	7.0	4.0	0.0
rev	5p	-	42	1149.0	1580.0	1616.0	1198.0	5543.0	2.0	0.0	3.0	2.0	0.0	0.0	1.0	1.0	0.0	1.0	3.0	0.00.0	0.0	0.0	0.0	3.0	0.0	8.0	9.0	0.0
rev	5p	-	43	1196.0	1590.0	1563.0	1183.0	5532.0	3.0	2.0	0.0	4.0	2.0	0.0	0.0	0.0	0.0	0.0	1.0	0.00.0	0.0	0.0	0.0	5.0	0.0	15.0	7.0	0.0
rev	5p	-	44	1178.0	1554.0	1629.0	1174.0	5535.0	2.0	2.0	5.0	4.0	0.0	0.0	1.0	1.0	2.0	0.0	0.0	1.00.0	0.0	0.0	0.0	2.0	0.0	15.0	6.0	0.0
rev	5p	-	45	1197.0	1579.0	1605.0	1154.0	5535.0	4.0	6.0	4.0	4.0	0.0	0.0	3.0	0.0	1.0	1.0	1.0	0.00.0	0.0	0.0	0.0	0.0	0.0	10.0	10.0	0.0
rev	5p	-	46	1227.0	1531.0	1585.0	1181.0	5524.0	1.0	2.0	1.0	4.0	1.0	0.0	0.0	2.0	0.0	0.0	2.0	0.00.0	0.0	0.0	0.0	3.0	0.0	15.0	11.0	0.0
rev	5p	-	47	1209.0	1572.0	1604.0	1144.0	5529.0	6.0	2.0	3.0	1.0	1.0	0.0	3.0	1.0	1.0	0.0	2.0	0.00.0	0.0	0.0	0.0	3.0	0.0	9.0	6.0	0.0
rev	5p	-	48	1195.0	1553.0	1595.0	1178.0	5521.0	3.0	5.0	5.0	2.0	0.0	0.0	0.0	3.0	0.0	0.0	4.0	0.00.0	0.0	0.0	0.0	6.0	0.0	9.0	7.0	0.0
rev	5p	-	49	1201.0	1608.0	1544.0	1164.0	5517.0	3.0	1.0	4.0	2.0	0.0	0.0	1.0	1.0	2.0	0.0	1.0	0.00.0	0.0	0.0	0.0	5.0	0.0	11.0	9.0	0.0
rev	5p	-	50	1211.0	1567.0	1600.0	1144.0	5522.0	2.0	3.0	2.0	2.0	1.0	0.0	2.0	1.0	1.0	1.0	1.0	2.00.0	0.0	0.0	0.0	3.0	0.0	7.0	9.0	0.0
rev	5p	-	51	1218.0	1502.0	1583.0	1197.0	5500.0	2.0	3.0	7.0	0.0	1.0	1.0	0.0	4.0	1.0	1.0	3.0	1.00.0	0.0	0.0	0.0	2.0	0.0	12.0	6.0	0.0
rev	5p	-	52	1215.0	1501.0	1633.0	1130.0	5479.0	1.0	5.0	5.0	4.0	0.0	0.0	2.0	3.0	0.0	0.0	3.0	1.00.0	0.0	0.0	0.0	4.0	0.0	9.0	8.0	0.0
rev	5p	-	53	1211.0	1568.0	1538.0	1141.0	5458.0	2.0	3.0	4.0	4.0	0.0	1.0	0.0	1.0	2.0	0.0	0.0	1.00.0	0.0	0.0	0.0	1.0	0.0	12.0	11.0	0.0
rev	5p	-	54	1220.0	1550.0	1523.0	1152.0	5445.0	3.0	6.0	5.0	4.0	2.0	0.0	2.0	1.0	1.0	0.0	1.0	0.00.0	0.0	0.0	0.0	3.0	0.0	4.0	10.0	0.0
rev	5p	-	55	1199.0	1590.0	1517.0	1106.0	5412.0	3.0	2.0	7.0	2.0	1.0	0.0	1.0	2.0	0.0	1.0	0.0	0.00.0	0.0	0.0	0.0	5.0	0.0	13.0	8.0	0.0
rev	5p	-	56	1206.0	1555.0	1522.0	1108.0	5391.0	4.0	6.0	3.0	5.0	0.0	1.0	2.0	4.0	0.0	0.0	1.0	0.00.0	0.0	0.0	0.0	5.0	0.0	14.0	11.0	0.0
rev	5p	-	57	1161.0	1520.0	1511.0	1177.0	5369.0	3.0	2.0	5.0	3.0	0.0	0.0	2.0	1.0	1.0	0.0	2.0	0.00.0	0.0	0.0	0.0	3.0	0.0	11.0	15.0	0.0
rev	5p	-	58	1175.0	1496.0	1571.0	1114.0	5356.0	6.0	2.0	1.0	2.0	0.0	1.0	3.0	1.0	0.0	1.0	1.0	0.00.0	0.0	0.0	0.0	3.0	0.0	10.0	7.0	0.0
rev	5p	-	59	1146.0	1480.0	1563.0	1133.0	5322.0	2.0	0.0	6.0	2.0	1.0	1.0	1.0	0.0	1.0	0.0	1.0	0.00.0	0.0	0.0	0.0	7.0	0.0	12.0	8.0	0.0
rev	5p	-	60	1186.0	1490.0	1556.0	1076.0	5308.0	3.0	2.0	1.0	2.0	0.0	0.0	1.0	0.0	2.0	0.0	3.0	2.00.0	0.0	0.0	0.0	3.0	0.0	12.0	8.0	0.0
rev	5p	-	61	1199.0	1511.0	1483.0	1097.0	5290.0	4.0	5.0	5.0	5.0	1.0	0.0	1.0	3.0	2.0	1.0	1.0	3.00.0	0.0	0.0	0.0	7.0	0.0	13.0	3.0	0.0
rev	5p	-	62	1120.0	1479.0	1547.0	1105.0	5251.0	8.0	4.0	3.0	5.0	1.0	0.0	0.0	0.0	0.0	2.0	0.0	0.00.0	0.0	0.0	0.0	9.0	0.0	16.0	8.0	0.0
rev	5p	-	63	1217.0	1459.0	1501.0	1056.0	5233.0	5.0	2.0	5.0	1.0	1.0	0.0	0.0	1.0	0.0	1.0	2.0	1.00.0	0.0	0.0	0.0	4.0	0.0	11.0	18.0	0.0
rev	5p	-	64	1204.0	1456.0	1498.0	1063.0	5221.0	3.0	4.0	7.0	0.0	1.0	1.0	2.0	0.0	1.0	0.0	3.0	0.00.0	0.0	0.0	0.0	8.0	0.0	10.0	6.0	0.0
rev	5p	-	65	1126.0	1505.0	1507.0	1055.0	5193.0	5.0	1.0	2.0	1.0	0.0	2.0	2.0	1.0	1.0	0.0	2.0	2.00.0	0.0	0.0	0.0	6.0	0.0	9.0	11.0	0.0
rev	5p	-	66	1139.0	1431.0	1529.0	1066.0	5165.0	1.0	0.0	3.0	2.0	0.0	0.0	0.0	0.0	2.0	1.0	1.0	0.00.0	0.0	0.0	0.0	5.0	0.0	16.0	10.0	0.0
rev	5p	-	67	1115.0	1471.0	1484.0	1072.0	5142.0	3.0	3.0	1.0	2.0	1.0	0.0	1.0	0.0	1.0	0.0	2.0	3.00.0	0.0	0.0	0.0	4.0	0.0	11.0	12.0	0.0
rev	5p	-	68	1156.0	1425.0	1455.0	1070.0	5106.0	4.0	3.0	7.0	2.0	1.0	0.0	3.0	0.0	0.0	0.0	2.0	0.00.0	0.0	0.0	0.0	8.0	0.0	15.0	10.0	0.0
rev	5p	-	69	1129.0	1470.0	1455.0	1038.0	5092.0	3.0	6.0	1.0	3.0	0.0	0.0	0.0	1.0	0.0	0.0	3.0	1.00.0	0.0	0.0	0.0	0.0	0.0	9.0	10.0	0.0
rev	5p	-	70	1156.0	1435.0	1446.0	1026.0	5063.0	4.0	3.0	5.0	6.0	2.0	0.0	0.0	1.0	1.0	0.0	2.0	1.00.0	0.0	0.0	0.0	2.0	0.0	11.0	9.0	0.0
rev	5p	-	71	1109.0	1400.0	1459.0	1063.0	5031.0	6.0	6.0	3.0	1.0	2.0	1.0	0.0	2.0	2.0	1.0	4.0	2.00.0	0.0	0.0	0.0	6.0	0.0	10.0	7.0	0.0
rev	5p	-	72	1081.0	1458.0	1450.0	1020.0	5009.0	5.0	3.0	6.0	3.0	0.0	0.0	3.0	0.0	2.0	0.0	3.0	0.00.0	0.0	0.0	0.0	7.0	0.0	7.0	13.0	0.0
rev	5p	-	73	1058.0	1438.0	1442.0	1036.0	4974.0	1.0	2.0	4.0	2.0	0.0	1.0	1.0	1.0	3.0	0.0	4.0	1.00.0	0.0	0.0	0.0	2.0	0.0	12.0	17.0	0.0
rev	5p	-	74	1115.0	1347.0	1450.0	1034.0	4946.0	4.0	4.0	1.0	1.0	0.0	1.0	0.0	1.0	2.0	1.0	0.0	1.00.0	0.0	0.0	0.0	9.0	0.0	15.0	10.0	0.0
rev	5p	-	75	1098.0	1357.0	1456.0	1014.0	4925.0	2.0	2.0	6.0	5.0	0.0	0.0	3.0	0.0	1.0	0.0	2.0	0.00.0	0.0	0.0	0.0	6.0	0.0	15.0	10.0	0.0
rev	5p	-	76	1086.0	1325.0	1447.0	1048.0	4906.0	3.0	3.0	1.0	2.0	1.0	0.0	3.0	1.0	3.0	2.0	2.0	1.00.0	0.0	0.0	0.0	4.0	0.0	15.0	6.0	0.0
rev	5p	-	77	1048.0	1406.0	1427.0	994.0	4875.0	5.0	5.0	5.0	2.0	1.0	1.0	2.0	0.0	0.0	0.0	1.0	0.00.0	0.0	0.0	0.0	5.0	0.0	12.0	10.0	0.0
rev	5p	-	78	1077.0	1333.0	1411.0	1032.0	4853.0	3.0	1.0	4.0	3.0	1.0	0.0	1.0	1.0	1.0	1.0	2.0	1.00.0	0.0	0.0	0.0	5.0	0.0	13.0	15.0	0.0
rev	5p	-	79	1068.0	1354.0	1433.0	979.0	4834.0	5.0	2.0	2.0	2.0	1.0	1.0	0.0	0.0	0.0	0.0	1.0	3.00.0	0.0	0.0	0.0	3.0	0.0	13.0	16.0	0.0
rev	5p	-	80	1036.0	1354.0	1394.0	1008.0	4792.0	1.0	4.0	4.0	1.0	1.0	1.0	1.0	0.0	0.0	0.0	1.0	0.00.0	0.0	0.0	0.0	4.0	0.0	19.0	15.0	0.0
rev	5p	-	81	1018.0	1331.0	1394.0	1015.0	4758.0	5.0	2.0	4.0	4.0	1.0	1.0	3.0	2.0	0.0	1.0	2.0	0.00.0	0.0	0.0	0.0	3.0	0.0	13.0	13.0	0.0
rev	5p	-	82	1066.0	1274.0	1400.0	986.0	4726.0	3.0	5.0	2.0	5.0	2.0	0.0	5.0	2.0	1.0	0.0	2.0	1.00.0	0.0	0.0	0.0	3.0	0.0	10.0	15.0	0.0
rev	5p	-	83	1005.0	1336.0	1372.0	988.0	4701.0	3.0	2.0	3.0	3.0	1.0	2.0	1.0	0.0	0.0	0.0	2.0	0.00.0	0.0	0.0	0.0	4.0	0.0	16.0	6.0	0.0
rev	5p	-	84	1048.0	1261.0	1388.0	961.0	4658.0	2.0	4.0	3.0	0.0	0.0	1.0	0.0	2.0	0.0	4.0	3.0	0.00.0	0.0	0.0	0.0	2.0	0.0	15.0	16.0	0.0
rev	5p	-	85	1023.0	1292.0	1372.0	932.0	4619.0	6.0	2.0	4.0	1.0	1.0	1.0	1.0	2.0	1.0	1.0	2.0	0.00.0	0.0	0.0	0.0	5.0	0.0	16.0	11.0	0.0
rev	5p	-	86	1028.0	1268.0	1377.0	910.0	4583.0	2.0	8.0	2.0	1.0	1.0	0.0	1.0	2.0	1.0	0.0	4.0	1.00.0	0.0	0.0	0.0	6.0	0.0	14.0	13.0	0.0
rev	5p	-	87	1028.0	1246.0	1365.0	927.0	4566.0	4.0	5.0	4.0	2.0	2.0	1.0	1.0	2.0	0.0	0.0	1.0	0.00.0	0.0	0.0	0.0	6.0	0.0	11.0	6.0	0.0
rev	5p	-	88	1044.0	1251.0	1288.0	938.0	4521.0	5.0	2.0	4.0	1.0	3.0	0.0	4.0	1.0	1.0	1.0	5.0	1.00.0	0.0	0.0	0.0	6.0	0.0	14.0	13.0	0.0
rev	5p	-	89	991.0	1242.0	1353.0	908.0	4494.0	3.0	3.0	2.0	3.0	1.0	1.0	3.0	2.0	2.0	3.0	2.0	0.00.0	0.0	0.0	0.0	8.0	0.0	5.0	12.0	0.0
rev	5p	-	90	1026.0	1242.0	1300.0	876.0	4444.0	5.0	5.0	1.0	3.0	1.0	0.0	3.0	0.0	1.0	0.0	0.0	4.00.0	0.0	0.0	0.0	7.0	0.0	12.0	11.0	0.0
rev	5p	-	91	965.0	1228.0	1292.0	931.0	4416.0	1.0	4.0	6.0	0.0	1.0	1.0	3.0	1.0	4.0	0.0	1.0	1.00.0	0.0	0.0	0.0	8.0	0.0	14.0	12.0	0.0
rev	5p	-	92	972.0	1174.0	1296.0	950.0	4392.0	0.0	4.0	3.0	1.0	0.0	0.0	1.0	1.0	0.0	3.0	2.0	1.00.0	0.0	0.0	0.0	10.0	0.0	13.0	13.0	0.0
rev	5p	-	93	947.0	1177.0	1291.0	948.0	4363.0	2.0	4.0	4.0	2.0	2.0	1.0	1.0	2.0	0.0	1.0	4.0	2.00.0	0.0	0.0	0.0	9.0	0.0	13.0	11.0	0.0
rev	5p	-	94	995.0	1171.0	1306.0	870.0	4342.0	0.0	1.0	5.0	2.0	0.0	1.0	1.0	2.0	0.0	1.0	3.0	0.00.0	0.0	0.0	0.0	5.0	0.0	10.0	6.0	0.0
rev	5p	-	95	941.0	1202.0	1262.0	891.0	4296.0	1.0	5.0	4.0	3.0	3.0	2.0	1.0	1.0	0.0	1.0	2.0	2.00.0	0.0	0.0	0.0	6.0	0.0	11.0	14.0	0.0
rev	5p	-	96	966.0	1112.0	1269.0	899.0	4246.0	3.0	4.0	1.0	2.0	2.0	0.0	2.0	0.0	0.0	2.0	0.0	1.00.0	0.0	0.0	0.0	8.0	0.0	9.0	18.0	0.0
rev	5p	-	97	912.0	1102.0	1322.0	884.0	4220.0	3.0	4.0	2.0	6.0	4.0	3.0	0.0	2.0	2.0	0.0	1.0	1.00.0	0.0	0.0	0.0	4.0	0.0	13.0	13.0	0.0
rev	5p	-	98	885.0	1147.0	1254.0	904.0	4190.0	2.0	8.0	1.0	2.0	1.0	0.0	2.0	2.0	3.0	3.0	2.0	0.00.0	0.0	0.0	0.0	7.0	0.0	9.0	12.0	0.0
rev	5p	-	99	892.0	1155.0	1247.0	867.0	4161.0	4.0	3.0	5.0	1.0	0.0	0.0	1.0	3.0	1.0	1.0	2.0	0.00.0	0.0	0.0	0.0	7.0	0.0	10.0	14.0	0.0
rev	5p	-	100	946.0	1162.0	1163.0	862.0	4133.0	3.0	6.0	6.0	3.0	2.0	0.0	1.0	0.0	0.0	2.0	3.0	3.00.0	0.0	0.0	0.0	4.0	0.0	13.0	21.0	0.0
