# Position (bp)	A	C	G	T	N
0.0	21.313108945969887	33.15987599645704	26.461470327723653	19.065544729849424	0.0
1.0	21.346324180690875	29.472984942426926	28.13330380868025	21.047387068201946	0.0
2.0	19.89790376887151	31.465189529705658	27.022917345497994	21.61398935592484	0.0
3.0	21.235438708987925	29.902746606818425	27.348509137544085	21.513305546649566	0.0
4.0	21.22982158028887	29.088785046728972	27.994902293967716	21.686491079014445	0.0
5.0	20.684210526315788	28.852631578947367	28.347368421052632	22.11578947368421	0.0
6.0	20.71555231042036	29.09147804318348	28.705538750391156	21.48743089600501	0.0
7.0	20.379537953795378	30.23927392739274	28.290016501650168	21.091171617161717	0.0
8.0	20.45129671227282	29.36491729630386	28.28262201347764	21.901163977945682	0.0
9.0	20.498278306663966	29.451083654040914	28.843427182499493	21.207210856795626	0.0
10.0	21.09962877495736	29.1361492926658	28.413765425905492	21.350456506471353	0.0
11.0	20.624003189792663	29.72488038277512	28.668261562998403	20.98285486443381	0.0
12.0	21.182070606902023	29.82943276477588	28.03451011503372	20.953986513288378	0.0
13.0	21.449704142011836	28.944773175542405	28.451676528599606	21.153846153846153	0.0
14.0	21.100196463654225	29.056974459724948	29.096267190569748	20.74656188605108	0.0
15.0	21.57400156617071	29.463586530931874	28.602192638997654	20.360219263899765	0.0
16.0	21.72810610493466	28.20362785254535	28.232884727911063	21.835381314608934	0.0
17.0	20.625972006220838	28.91718506998445	29.383748055987557	21.073094867807153	0.0
18.0	20.96133346254482	29.295474367671286	29.266401783118518	20.476790386665375	0.0
19.0	21.30560928433269	29.216634429400383	28.230174081237912	21.247582205029016	0.0
20.0	20.844174616941313	28.76553917317144	29.199190517490603	21.191095692396647	0.0
21.0	20.857362552864284	29.113802383698577	29.40215301806997	20.62668204536717	0.0
22.0	21.15052732502397	29.44391179290508	28.561840843720038	20.84372003835091	0.0
23.0	20.875968250932388	28.937553791718468	28.985368652577222	21.201109304771922	0.0
24.0	21.172203130966018	28.81825124093165	28.789614356624664	21.219931271477662	0.0
25.0	20.885714285714286	28.676190476190477	29.095238095238095	21.342857142857145	0.0
26.0	21.10614843675758	29.17418986980899	28.851088092749215	20.868573600684215	0.0
27.0	20.965752774879043	29.266672991177305	28.972583246371315	20.794990987572337	0.0
28.0	21.70579326012874	29.00416508898145	28.34153729647861	20.948504354411206	0.0
29.0	20.831365139348136	29.692961738308927	28.493150684931507	20.98252243741143	0.0
30.0	21.266968325791854	28.66704374057315	28.968702865761692	21.097285067873305	0.0
31.0	21.023903632599282	28.947863730472427	29.08902691511387	20.939205721814417	0.0
32.0	21.39504318437852	28.78332707472775	28.999248967330075	20.82238077356365	0.0
33.0	21.51625901977322	29.266235591790835	28.666479242807608	20.551026145628338	0.0
34.0	21.34306023194912	28.48858959970071	29.040404040404038	21.127946127946128	0.0
35.0	21.250815546649267	27.905676204678908	30.329014819647682	20.514493429024142	0.0
36.0	21.204819277108435	28.73030583873957	29.101019462465246	20.96385542168675	0.0
37.0	21.337872653662128	28.68052999631947	28.974972396025027	21.006624953993374	0.0
38.0	20.913483453368585	28.799343604704163	29.72012033913757	20.56705260278968	0.0
39.0	21.147570703408267	28.671138506163885	29.396301667875274	20.784989122552574	0.0
40.0	21.660193297805076	28.922409899738057	28.416583867762625	21.000812934694245	0.0
41.0	20.956576463184394	28.562438191135485	29.11984176930684	21.36114357637328	0.0
42.0	21.278506015442627	28.586819895852038	29.017776979709105	21.11689710899623	0.0
43.0	20.815412186379927	28.422939068100355	29.56093189964158	21.200716845878137	0.0
44.0	20.64458370635631	29.53446732318711	28.92569382273948	20.895255147717098	0.0
45.0	22.136790344210997	27.957085382208312	28.672329012069735	21.233795261510952	0.0
46.0	21.26918957515173	28.382720456979648	29.65012495537308	20.697965012495537	0.0
47.0	21.24509454156261	28.78166250445951	29.20085622547271	20.772386728505175	0.0
48.0	21.553415373640092	29.04405207775994	28.642767968610666	20.759764579989298	0.0
49.0	21.12487744005705	28.799358231571443	29.423299759336842	20.652464569034674	0.0
50.0	21.949258531356083	27.934607825620866	29.453278542076113	20.662855100946935	0.0
51.0	21.687287071902457	28.070647301416535	29.944414559799178	20.297651066881837	0.0
52.0	21.415722252203633	28.809138334232777	28.593272171253826	21.181867242309767	0.0
53.0	21.10058637798827	28.525033829499325	29.2106450157871	21.163734776725303	0.0
54.0	21.527589018755098	29.138352813264472	28.712512458095496	20.621545709884934	0.0
55.0	22.025109170305676	28.693595342066956	28.729985443959244	20.55131004366812	0.0
56.0	21.25502374862989	28.251735476799418	29.23821702594081	21.25502374862989	0.0
57.0	22.068523268596554	28.252106998900693	29.13155001832173	20.547819714181017	0.0
58.0	21.660384297140755	27.994851521559255	29.511813919279213	20.832950262020777	0.0
59.0	22.133038103146045	28.757265430390255	29.163206937909404	19.946489528554295	0.0
60.0	21.698462678273756	28.588627523615486	29.03315428783108	20.679755510279684	0.0
61.0	21.18423498791597	28.518311953894777	29.47573898494144	20.821714073247815	0.0
62.0	22.25646773139068	28.28990380125152	29.02773886242645	20.425889604931353	0.0
63.0	22.212845757149555	27.857477730895454	29.39521800281294	20.534458509142052	0.0
64.0	21.431261770244824	28.502824858757066	29.293785310734467	20.772128060263654	0.0
65.0	21.642850383268666	27.62373426705782	29.771931484811205	20.961483864862306	0.0
66.0	21.2772023187304	28.670531217333462	29.383255725553546	20.66901073838259	0.0
67.0	21.938872970391596	28.357211079274116	28.815663801337156	20.888252148997136	0.0
68.0	21.795855717574828	28.683806600153495	29.077129700690712	20.443207981580965	0.0
69.0	22.225433526011564	28.535645472061656	29.1233140655106	20.115606936416185	0.0
70.0	21.930419614303712	27.832154278515358	29.27609264463611	20.96133346254482	0.0
71.0	20.97936137071651	28.524143302180686	29.867601246105917	20.628894080996886	0.0
72.0	21.278467402990913	28.169289414524485	29.51813116997361	21.034112012510995	0.0
73.0	21.603060924163643	27.881879721377416	29.294613950750513	21.22044540370843	0.0
74.0	21.96372239747634	27.503943217665615	29.298107255520506	21.23422712933754	0.0
75.0	22.334522393975426	27.506936187078875	29.07253269916766	21.086008719778043	0.0
76.0	21.111886021719638	28.554348909036563	29.70010959450035	20.63365547474345	0.0
77.0	21.50935842258032	28.115303773396054	29.516564908417575	20.858772895606045	0.0
78.0	21.61102172164119	28.439259855189057	29.334271922767496	20.61544650040225	0.0
79.0	21.560886729426056	28.07976515841684	29.172993217937037	21.186354894220063	0.0
80.0	21.398002853067048	28.07214183819034	29.48848583656002	21.0413694721826	0.0
81.0	22.07539438639623	27.586560131120674	29.78897766851055	20.549067813972545	0.0
82.0	21.51168777674802	28.174235403151066	29.21429306971476	21.099783750386162	0.0
83.0	21.944386802241127	27.56796015770907	29.96472297157087	20.522930068478935	0.0
84.0	22.529768121997076	27.710465844996868	29.3294338834343	20.430332149571758	0.0
85.0	21.70347003154574	27.854889589905362	29.821240799158783	20.620399579390117	0.0
86.0	22.18458933107536	27.60372565622354	30.02751905165114	20.184165961049956	0.0
87.0	22.608510184493973	27.396822011304256	28.911165618001494	21.083502186200278	0.0
88.0	21.68545356951154	27.214170692431562	30.950080515297905	20.15029522275899	0.0
89.0	21.79376083188908	28.119584055459274	29.74436741767764	20.342287694974004	0.0
90.0	21.736285309194024	27.363943723415858	29.796051914058243	21.10371905333188	0.0
91.0	22.129619475819716	27.075337208027193	29.707204737361554	21.087838578791533	0.0
92.0	21.400132714001327	27.748285777482856	29.4182702941827	21.433311214333113	0.0
93.0	22.53175841319367	27.31223534655672	29.18431022955204	20.97169601069757	0.0
94.0	21.682411156095366	28.18263607737292	29.37471884840306	20.760233918128655	0.0
95.0	22.470761893947998	26.33132735324174	29.737708640853867	21.4602021119564	0.0
96.0	20.70030895983522	26.59343174276233	31.319372925964068	21.38688637143838	0.0
97.0	21.324884792626726	27.292626728110598	30.149769585253456	21.232718894009217	0.0
98.0	21.41862084977943	27.838402600417922	29.85837009519387	20.884606454608775	0.0
99.0	22.223521159691373	27.039981295300443	29.471592237549682	21.2649053074585	0.0
100.0	21.650336441978517	27.493802384606305	29.878408688466536	20.977452484948646	0.0
101.0	21.270521056388294	27.84915536521532	29.098263145372353	21.782060433024032	0.0
102.0	21.900528592023065	26.753964440172993	29.877462758289287	21.468044209514655	0.0
103.0	21.41301717880474	27.897411081538838	29.84514880232277	20.844422937333658	0.0
104.0	21.28152028261664	27.274942136679254	30.174199049823365	21.26933853088074	0.0
105.0	21.343338664042317	27.235822364374464	29.979087218600075	21.441751752983144	0.0
106.0	22.102124487513976	27.49409864579451	29.53161883463784	20.872158032053672	0.0
107.0	22.525682786269105	26.59734402405412	29.67927837634678	21.197694813329992	0.0
108.0	21.942582521816114	26.533451372201846	29.922853168078916	21.601112937903125	0.0
109.0	21.745240833013927	26.229717644052634	30.956943912099145	21.06809761083429	0.0
110.0	22.64516129032258	26.96774193548387	29.806451612903224	20.580645161290324	0.0
111.0	22.35830618892508	27.257328990228014	28.925081433224754	21.45928338762215	0.0
112.0	22.063074901445468	26.320630749014455	30.013140604467804	21.603153745072273	0.0
113.0	21.932739598564403	26.492090921175066	30.346936062740927	21.228233417519608	0.0
114.0	22.129716664428628	26.990734523969383	29.743520880891634	21.136027930710352	0.0
115.0	22.237306543578605	26.48655986967146	30.274232962259028	21.001900624490904	0.0
116.0	22.382127192982455	26.850328947368425	29.74232456140351	21.025219298245617	0.0
117.0	22.749930767100526	26.336194959844917	29.160897258377183	21.752977014677374	0.0
118.0	22.348008385744233	26.722571628232007	29.909154437456326	21.020265548567433	0.0
119.0	22.986884783528417	26.075306726836832	29.854745451981383	21.083063037653364	0.0
120.0	21.743472677985448	26.851191325438723	30.517905550007136	20.887430446568697	0.0
121.0	21.732238074650525	26.31503098429169	30.134025075659316	21.81870586539847	0.0
122.0	22.88172670263964	25.346361382528805	30.421467113898203	21.350444800933353	0.0
123.0	21.938247894814598	26.414536859211108	29.915792583838087	21.73142266213621	0.0
124.0	22.127723067740973	26.484631453297524	29.916442852879737	21.471202626081766	0.0
125.0	21.81845597104946	26.703860072376358	29.59891435464415	21.87876960193004	0.0
126.0	21.612952497327022	26.958912478998016	29.586069955704904	21.84206506797006	0.0
127.0	22.083333333333332	26.666666666666668	29.398148148148145	21.85185185185185	0.0
128.0	22.64797507788162	25.903426791277255	30.093457943925234	21.35514018691589	0.0
129.0	22.967863894139885	25.78764965343415	29.53686200378072	21.707624448645245	0.0
130.0	23.13825546164886	26.64646786796364	29.24573433264232	20.969542337745175	0.0
131.0	22.755069198583843	26.61731573865465	28.966849050531057	21.660766012230447	0.0
132.0	22.839405325927135	26.188531285737625	29.929750040843	21.04231334749224	0.0
133.0	22.61431411530815	26.640159045725646	30.036447978793902	20.7090788601723	0.0
134.0	22.57142857142857	26.504201680672267	29.495798319327733	21.428571428571427	0.0
135.0	22.650520211495824	25.70356472795497	29.609414975268635	22.036500085280572	0.0
136.0	22.37411316836823	27.27115417892369	29.58989444540578	20.7648382073023	0.0
137.0	22.041031036296683	26.75784674732597	28.897071716640365	22.30405049973698	0.0
138.0	22.594959176428826	26.73056443024494	29.14447994320199	21.529996450124244	0.0
139.0	21.733645701928275	26.977833843935844	29.951342584249414	21.337177869886467	0.0
140.0	23.81648693109121	25.66258453664778	29.72034363004935	20.80058490221166	0.0
141.0	23.144023756495915	26.52190051967335	29.78841870824053	20.545657015590198	0.0
142.0	22.43626062322946	26.288951841359776	29.76392823418319	21.510859301227573	0.0
143.0	22.492343032159265	26.339969372128635	29.996171516079635	21.171516079632465	0.0
144.0	22.22653973188265	27.938605012628713	29.82319797940548	20.011657276083156	0.0
145.0	22.195892575039494	26.52053712480253	29.403633491311215	21.87993680884676	0.0
146.0	22.351059576169533	26.06957217113155	30.607756897241106	20.971611355457817	0.0
147.0	23.15661182205972	25.431647369490147	30.55047735120861	20.86126345724152	0.0
148.0	22.548007433409044	26.615734049143093	29.093537063803428	21.742721453644435	0.0
149.0	22.060988433228182	26.267087276551	29.526813880126184	22.145110410094638	0.0
150.0	24.174882126018	25.482211744534933	28.354050578654093	21.98885555079297	0.0
151.0	22.923010004349717	27.685950413223143	29.643323183993044	19.7477163984341	0.0
152.0	22.394678492239468	25.676274944567627	28.957871396895783	22.971175166297115	0.0
153.0	22.937443336355397	26.314596554850407	29.28377153218495	21.464188576609246	0.0
154.0	22.414589104339797	25.877192982456144	30.12465373961219	21.583564173591874	0.0
155.0	23.437868427257722	26.125913699599153	29.238387172836592	21.19783070030653	0.0
156.0	22.7653965971723	27.342439491972204	29.01988976755332	20.87227414330218	0.0
157.0	24.036115178135674	26.69594924353343	27.672035139092237	21.59590043923865	0.0
158.0	22.765640516385304	27.606752730883816	29.021847070506457	20.605759682224427	0.0
159.0	23.50276799194766	25.86814292903875	29.240060392551587	21.389028686462	0.0
160.0	22.942386831275723	26.774691358024693	29.038065843621396	21.244855967078188	0.0
161.0	23.15180215732702	27.150749802683507	28.387266508813468	21.310181531176006	0.0
162.0	23.568933082504703	26.820747110991665	28.05697393173878	21.553345874764847	0.0
163.0	24.404272801972063	26.129827444535742	27.882771843330595	21.5831279101616	0.0
164.0	24.39160839160839	26.489510489510486	27.86013986013986	21.25874125874126	0.0
165.0	23.790438018894932	25.96621815058689	29.34440309189808	20.898940738620098	0.0
166.0	23.481308411214954	25.846962616822427	28.85514018691589	21.81658878504673	0.0
167.0	23.890378313970807	26.541554959785525	28.150134048257375	21.417932677986297	0.0
168.0	24.680462568472304	26.323797930614727	27.632379793061475	21.363359707851494	0.0
169.0	24.822036521200864	27.762302692664807	27.42185082017951	19.99380996595481	0.0
170.0	24.669187145557654	25.960932577189666	26.874606175173284	22.495274102079396	0.0
171.0	24.386304909560724	27.19638242894057	26.324289405684752	22.093023255813954	0.0
172.0	24.080821464060946	26.498840675720437	27.989400463729712	21.430937396488904	0.0
173.0	25.365521931315875	26.99761985719143	27.3036382182931	20.33321999319959	0.0
174.0	26.685198054204307	27.241139680333564	26.511466296038915	19.56219596942321	0.0
175.0	23.757102272727273	26.953125	27.698863636363637	21.59090909090909	0.0
176.0	24.50018175209015	25.7360959651036	28.535078153398764	21.22864412940749	0.0
177.0	26.20022329735765	25.530331224413843	27.91216970599181	20.357275772236697	0.0
178.0	23.329515082092403	29.133256968308512	26.155021000381822	21.38220694921726	0.0
179.0	23.993747557639704	27.70613520906604	27.35443532629934	20.94568190699492	0.0
180.0	24.638263665594856	25.884244372990356	28.17524115755627	21.30225080385852	0.0
181.0	24.008264462809915	28.18181818181818	26.611570247933887	21.198347107438018	0.0
182.0	25.44757033248082	28.09036658141518	25.53282182438193	20.92924126172208	0.0
183.0	24.628171478565182	25.765529308836392	28.608923884514436	20.99737532808399	0.0
184.0	24.426450742240217	27.26045883940621	26.900584795321635	21.412505623031937	0.0
185.0	25.785582255083177	25.693160813308687	26.940850277264328	21.580406654343808	0.0
186.0	25.04780114722753	26.62523900573614	27.151051625239003	21.175908221797325	0.0
187.0	25.233644859813083	27.004426955238564	25.823905558288246	21.938022626660107	0.0
188.0	24.117053481331986	27.850655903128153	25.832492431886983	22.199798183652874	0.0
189.0	25.116519937856037	26.51475919212843	25.582599689280165	22.786121180735368	0.0
190.0	25.784157363104732	27.37905369484317	25.51834130781499	21.31844763423711	0.0
191.0	23.817381738173818	27.94279427942794	26.4026402640264	21.837183718371836	0.0
192.0	24.547511312217193	27.658371040723985	25.848416289592762	21.945701357466064	0.0
193.0	26.148409893992934	25.559481743227323	27.73851590106007	20.55359246171967	0.0
194.0	24.114774114774114	27.411477411477414	26.862026862026863	21.611721611721613	0.0
195.0	24.24433249370277	29.848866498740556	25.251889168765747	20.65491183879093	0.0
196.0	25.16382699868938	26.802096985583223	25.75360419397117	22.280471821756226	0.0
197.0	24.5578231292517	26.462585034013607	26.87074829931973	22.108843537414966	0.0
198.0	24.877020379479973	27.969079409697823	27.19606465214336	19.957835558678845	0.0
199.0	24.707602339181285	26.973684210526315	24.853801169590643	23.464912280701753	0.0
200.0	27.912254160363087	26.550680786686836	25.56732223903177	19.969742813918305	0.0
201.0	26.650943396226417	25.157232704402517	27.908805031446544	20.28301886792453	0.0
202.0	27.086743044189852	28.477905073649758	23.076923076923077	21.358428805237317	0.0
203.0	23.931623931623932	29.65811965811966	26.666666666666668	19.743589743589745	0.0
204.0	27.83229259589652	25.780553077609277	26.31578947368421	20.071364852809992	0.0
205.0	25.09433962264151	29.528301886792452	25.849056603773583	19.528301886792455	0.0
206.0	27.363184079601986	31.044776119402982	25.17412935323383	16.417910447761194	0.0
207.0	26.059979317476735	28.024819027921406	25.439503619441574	20.47569803516029	0.0
208.0	25.986842105263158	26.973684210526315	25.877192982456144	21.162280701754383	0.0
209.0	28.72093023255814	27.44186046511628	24.302325581395348	19.53488372093023	0.0
210.0	23.78048780487805	30.24390243902439	27.195121951219512	18.78048780487805	0.0
211.0	29.23673997412678	29.6248382923674	26.64941785252264	14.489003880983182	0.0
212.0	28.236914600550968	27.548209366391184	26.30853994490358	17.90633608815427	0.0
213.0	28.57142857142857	31.075110456553755	24.005891016200295	16.347569955817377	0.0
214.0	25.19319938176198	32.92117465224111	23.338485316846985	18.547140649149924	0.0
215.0	26.65589660743134	31.017770597738288	26.33279483037157	15.993537964458804	0.0
216.0	28.620689655172416	29.655172413793103	23.79310344827586	17.93103448275862	0.0
217.0	26.014760147601475	31.73431734317343	26.752767527675275	15.498154981549817	0.0
218.0	27.647058823529413	32.745098039215684	22.15686274509804	17.45098039215686	0.0
219.0	29.411764705882355	26.97768762677485	27.180527383367142	16.43002028397566	0.0
220.0	29.89247311827957	27.526881720430108	28.602150537634408	13.978494623655912	0.0
221.0	30.855855855855857	31.53153153153153	22.74774774774775	14.864864864864865	0.0
222.0	27.488151658767773	28.672985781990523	31.04265402843602	12.796208530805686	0.0
223.0	30.78817733990148	27.339901477832512	29.064039408866993	12.807881773399016	0.0
224.0	29.441624365482234	28.17258883248731	25.63451776649746	16.751269035532996	0.0
225.0	24.40318302387268	26.525198938992045	33.95225464190981	15.119363395225463	0.0
226.0	30.79019073569482	29.70027247956403	28.065395095367844	11.444141689373296	0.0
227.0	26.21082621082621	28.205128205128204	33.33333333333333	12.250712250712251	0.0
228.0	34.036144578313255	26.80722891566265	26.20481927710843	12.951807228915662	0.0
229.0	28.34890965732087	27.725856697819314	30.529595015576323	13.395638629283487	0.0
230.0	28.807947019867548	22.516556291390728	34.437086092715234	14.23841059602649	0.0
231.0	25.951557093425603	23.875432525951556	38.75432525951557	11.418685121107266	0.0
232.0	32.851985559566785	27.436823104693143	29.24187725631769	10.469314079422382	0.0
233.0	29.629629629629626	24.444444444444443	29.259259259259256	16.666666666666664	0.0
234.0	30.501930501930502	18.91891891891892	37.06563706563706	13.513513513513514	0.0
235.0	26.970954356846473	24.481327800829874	35.26970954356847	13.278008298755188	0.0
236.0	30.94170403587444	23.318385650224215	33.18385650224215	12.556053811659194	0.0
237.0	29.30232558139535	26.976744186046513	31.16279069767442	12.558139534883722	0.0
238.0	27.586206896551722	27.093596059113302	34.48275862068966	10.83743842364532	0.0
239.0	32.99492385786802	22.84263959390863	33.50253807106599	10.65989847715736	0.0
240.0	30.526315789473685	21.578947368421055	33.68421052631579	14.210526315789473	0.0
241.0	28.901734104046245	27.74566473988439	33.52601156069364	9.826589595375722	0.0
242.0	27.500000000000004	27.500000000000004	32.5	12.5	0.0
243.0	29.72972972972973	22.2972972972973	31.08108108108108	16.89189189189189	0.0
244.0	33.587786259541986	25.954198473282442	31.297709923664126	9.16030534351145	0.0
245.0	24.59016393442623	31.967213114754102	34.42622950819672	9.01639344262295	0.0
246.0	35.45454545454545	25.454545454545453	30.909090909090907	8.181818181818182	0.0
247.0	35.35353535353536	23.232323232323232	33.33333333333333	8.080808080808081	0.0
248.0	33.33333333333333	27.77777777777778	28.888888888888886	10.0	0.0
249.0	18.91891891891892	29.72972972972973	35.13513513513514	16.216216216216218	0.0
250.0	26.153846153846157	24.615384615384617	35.38461538461539	13.846153846153847	0.0
251.0	23.636363636363637	27.27272727272727	32.72727272727273	16.363636363636363	0.0
252.0	34.61538461538461	23.076923076923077	26.923076923076923	15.384615384615385	0.0
253.0	31.70731707317073	29.268292682926827	31.70731707317073	7.317073170731707	0.0
254.0	40.54054054054054	21.62162162162162	24.324324324324326	13.513513513513514	0.0
255.0	36.36363636363637	24.242424242424242	36.36363636363637	3.0303030303030303	0.0
256.0	33.33333333333333	37.5	20.833333333333336	8.333333333333332	0.0
257.0	36.84210526315789	31.57894736842105	21.052631578947366	10.526315789473683	0.0
258.0	16.666666666666664	22.22222222222222	33.33333333333333	27.77777777777778	0.0
259.0	50.0	16.666666666666664	33.33333333333333	0.0	0.0
260.0	7.142857142857142	42.857142857142854	21.428571428571427	28.57142857142857	0.0
261.0	28.57142857142857	28.57142857142857	28.57142857142857	14.285714285714285	0.0
262.0	50.0	7.142857142857142	28.57142857142857	14.285714285714285	0.0
263.0	18.181818181818183	36.36363636363637	18.181818181818183	27.27272727272727	0.0
264.0	11.11111111111111	22.22222222222222	44.44444444444444	22.22222222222222	0.0
265.0	12.5	25.0	37.5	25.0	0.0
266.0	28.57142857142857	28.57142857142857	14.285714285714285	28.57142857142857	0.0
267.0	16.666666666666664	33.33333333333333	33.33333333333333	16.666666666666664	0.0
268.0	50.0	33.33333333333333	16.666666666666664	0.0	0.0
269.0	0.0	16.666666666666664	16.666666666666664	66.66666666666666	0.0
270.0	50.0	16.666666666666664	0.0	33.33333333333333	0.0
271.0	0.0	16.666666666666664	66.66666666666666	16.666666666666664	0.0
272.0	16.666666666666664	50.0	16.666666666666664	16.666666666666664	0.0
273.0	20.0	40.0	20.0	20.0	0.0
274.0	0.0	25.0	50.0	25.0	0.0
275.0	25.0	0.0	25.0	50.0	0.0
276.0	0.0	25.0	50.0	25.0	0.0
277.0	25.0	0.0	50.0	25.0	0.0
278.0	50.0	25.0	0.0	25.0	0.0
279.0	25.0	25.0	25.0	25.0	0.0
280.0	25.0	25.0	25.0	25.0	0.0
281.0	0.0	0.0	33.33333333333333	66.66666666666666	0.0
282.0	66.66666666666666	0.0	0.0	33.33333333333333	0.0
283.0	33.33333333333333	33.33333333333333	0.0	33.33333333333333	0.0
284.0	66.66666666666666	33.33333333333333	0.0	0.0	0.0
285.0	33.33333333333333	66.66666666666666	0.0	0.0	0.0
286.0	50.0	50.0	0.0	0.0	0.0
287.0	0.0	50.0	50.0	0.0	0.0
288.0	50.0	50.0	0.0	0.0	0.0
289.0	50.0	50.0	0.0	0.0	0.0
290.0	100.0	0.0	0.0	0.0	0.0
291.0	0.0	50.0	50.0	0.0	0.0
292.0	0.0	0.0	0.0	100.0	0.0
293.0	0.0	50.0	0.0	50.0	0.0
294.0	0.0	50.0	50.0	0.0	0.0
295.0	0.0	0.0	0.0	100.0	0.0
296.0	50.0	50.0	0.0	0.0	0.0
297.0	0.0	0.0	50.0	50.0	0.0
298.0	50.0	0.0	50.0	0.0	0.0
299.0	50.0	50.0	0.0	0.0	0.0
300.0	50.0	0.0	50.0	0.0	0.0
301.0	0.0	50.0	0.0	50.0	0.0
302.0	50.0	0.0	50.0	0.0	0.0
303.0	0.0	0.0	0.0	100.0	0.0
304.0	0.0	0.0	50.0	50.0	0.0
305.0	0.0	50.0	0.0	50.0	0.0
306.0	0.0	0.0	100.0	0.0	0.0
307.0	0.0	0.0	50.0	50.0	0.0
308.0	50.0	0.0	0.0	50.0	0.0
309.0	50.0	50.0	0.0	0.0	0.0
310.0	50.0	0.0	0.0	50.0	0.0
311.0	0.0	50.0	50.0	0.0	0.0
312.0	0.0	0.0	100.0	0.0	0.0
313.0	0.0	50.0	0.0	50.0	0.0
314.0	0.0	0.0	100.0	0.0	0.0
315.0	0.0	0.0	0.0	100.0	0.0
316.0	0.0	0.0	0.0	100.0	0.0
317.0	0.0	100.0	0.0	0.0	0.0
318.0	100.0	0.0	0.0	0.0	0.0
319.0	0.0	100.0	0.0	0.0	0.0
320.0	NaN	NaN	NaN	NaN	NaN
321.0	NaN	NaN	NaN	NaN	NaN
322.0	NaN	NaN	NaN	NaN	NaN
323.0	NaN	NaN	NaN	NaN	NaN
324.0	NaN	NaN	NaN	NaN	NaN
325.0	NaN	NaN	NaN	NaN	NaN
326.0	NaN	NaN	NaN	NaN	NaN
327.0	NaN	NaN	NaN	NaN	NaN
328.0	NaN	NaN	NaN	NaN	NaN
329.0	NaN	NaN	NaN	NaN	NaN
330.0	NaN	NaN	NaN	NaN	NaN
331.0	NaN	NaN	NaN	NaN	NaN
332.0	NaN	NaN	NaN	NaN	NaN
333.0	NaN	NaN	NaN	NaN	NaN
334.0	NaN	NaN	NaN	NaN	NaN
335.0	NaN	NaN	NaN	NaN	NaN
336.0	NaN	NaN	NaN	NaN	NaN
337.0	NaN	NaN	NaN	NaN	NaN
338.0	NaN	NaN	NaN	NaN	NaN
339.0	NaN	NaN	NaN	NaN	NaN
340.0	NaN	NaN	NaN	NaN	NaN
341.0	NaN	NaN	NaN	NaN	NaN
342.0	NaN	NaN	NaN	NaN	NaN
343.0	NaN	NaN	NaN	NaN	NaN
344.0	NaN	NaN	NaN	NaN	NaN
345.0	NaN	NaN	NaN	NaN	NaN
346.0	NaN	NaN	NaN	NaN	NaN
347.0	NaN	NaN	NaN	NaN	NaN
348.0	NaN	NaN	NaN	NaN	NaN
