#Position (bp)	mapping quality
3921452.5	59.82404692082111
1.17643565E7	59.8961937716263
1.96072605E7	59.19129082426127
2.74501645E7	59.602649006622514
3.52930685E7	60.0
4.31359725E7	59.174311926605505
5.09788765E7	60.0
5.88217805E7	59.793103448275865
6.66646845E7	0.0
7.45075885E7	0.0
8.23504925E7	60.0
9.01933965E7	59.89342806394316
9.80363005E7	0.0
1.058792045E8	0.0
1.137221085E8	59.516129032258064
1.215650125E8	26.310769230769232
1.294079165E8	0.0
1.372508205E8	0.0
1.450937245E8	0.0
1.529366285E8	58.55421686746988
1.607795325E8	0.0
1.686224365E8	0.0
1.764653405E8	0.0
1.843082445E8	59.67213114754098
1.921511485E8	0.0
1.999940525E8	0.0
2.078369565E8	59.83471074380165
2.156798605E8	55.391666666666666
2.235227645E8	47.1088295687885
2.313656685E8	60.0
2.392085725E8	24.754901960784313
2.46190323E8	50.905797101449274
2.50111775E8	0.0
2.548943805E8	60.0
2.627372845E8	59.48213918005942
2.705801885E8	56.61290322580645
2.784230925E8	60.0
2.862659965E8	60.0
2.941089005E8	0.0
3.019518045E8	60.0
3.097947085E8	43.645161290322584
3.176376125E8	59.81366459627329
3.254805165E8	0.0
3.333234205E8	60.0
3.411663245E8	59.668508287292816
3.490092285E8	57.908419497784344
3.568521325E8	0.0
3.646950365E8	0.0
3.725379405E8	59.57446808510638
3.803808445E8	0.0
3.882237485E8	44.0
3.960666525E8	51.1875
4.039095565E8	59.54664914586071
4.117524605E8	59.53846153846154
4.195953645E8	60.0
4.274382685E8	57.6219512195122
4.352811725E8	59.37963770864947
4.431240765E8	60.0
4.509669805E8	60.0
4.588098845E8	0.0
4.666527885E8	59.72809667673716
4.744956925E8	0.0
4.823385965E8	58.472934472934476
4.893550215E8	0.0
4.932764735E8	0.0
4.980244045E8	0.0
5.058673085E8	52.936708860759495
5.137102125E8	60.0
5.215531165E8	59.68421052631579
5.293960205E8	60.0
5.372389245E8	46.821917808219176
5.450818285E8	59.807383627608345
5.529247325E8	59.51219512195122
5.607676365E8	59.381443298969074
5.686105405E8	0.0
5.764534445E8	0.0
5.842963485E8	0.0
5.921392525E8	0.0
5.999821565E8	0.0
6.078250605E8	60.0
6.156679645E8	59.75409836065574
6.235108685E8	0.0
6.313537725E8	0.0
6.391966765E8	59.620253164556964
6.470395805E8	0.0
6.548824845E8	60.0
6.627253885E8	0.0
6.705682925E8	59.37931034482759
6.784111965E8	59.518716577540104
6.862541005E8	57.59773371104816
6.903239885E8	0.0
6.942454405E8	59.622209502003436
7.019399085E8	58.98795180722892
7.097828125E8	58.63551401869159
7.176257165E8	60.0
7.254686205E8	21.0
7.333115245E8	59.2
7.411544285E8	30.0
7.489973325E8	60.0
7.568402365E8	60.0
7.646831405E8	58.85057471264368
7.725260445E8	60.0
7.803689485E8	53.77777777777778
7.882118525E8	60.0
7.960547565E8	60.0
8.038976605E8	55.893462469733656
8.117405645E8	0.0
8.195834685E8	60.0
8.274263725E8	43.0
8.352692765E8	60.0
8.431121805E8	0.0
8.509550845E8	0.0
8.587979885E8	59.94076999012833
8.666408925E8	0.0
8.744837965E8	60.0
8.800159745E8	60.0
8.839374265E8	59.13669064748201
8.901696045E8	59.55882352941177
8.980125085E8	59.54935622317596
9.058554125E8	60.0
9.136983165E8	60.0
9.215412205E8	59.48364888123924
9.293841245E8	0.0
9.372270285E8	0.0
9.450699325E8	0.0
9.529128365E8	0.0
9.607557405E8	59.43589743589744
9.685986445E8	0.0
9.764415485E8	60.0
9.842844525E8	59.40594059405941
9.921273565E8	21.0
9.999702605E8	0.0
1.0078131645E9	59.464285714285715
1.0156560685E9	59.787234042553195
1.0234989725E9	60.0
1.0313418765E9	59.576185671039354
1.0391847805E9	0.0
1.0470276845E9	59.6078431372549
1.0548705885E9	60.0
1.0606670005E9	0.0
1.0645884525E9	0.0
1.0705563965E9	60.0
1.0783993005E9	60.0
1.0862422045E9	50.46370967741935
1.0940851085E9	0.0
1.1019280125E9	59.333333333333336
1.1097709165E9	59.69230769230769
1.1176138205E9	0.0
1.1254567245E9	54.641350210970465
1.1332996285E9	59.701492537313435
1.1411425325E9	0.0
1.1489854365E9	41.81963927855711
1.1568283405E9	0.0
1.1646712445E9	0.0
1.1725141485E9	60.0
1.1803570525E9	55.42168674698795
1.1881999565E9	48.0
1.1960428605E9	22.62295081967213
1.2038857645E9	59.58620689655172
1.2117286685E9	0.0
1.2195715725E9	45.29457364341085
1.2274144765E9	60.0
1.232496478E9	0.0
1.23641793E9	60.0
1.2431002845E9	0.0
1.2509431885E9	0.0
1.2587860925E9	59.53846153846154
1.2666289965E9	59.36575052854123
1.2744719005E9	59.488085989791124
1.2823148045E9	59.21568627450981
1.2901577085E9	30.367816091954023
1.2980006125E9	0.0
1.3058435165E9	47.08612440191388
1.3136864205E9	0.0
1.3215293245E9	60.0
1.3293722285E9	0.0
1.3372151325E9	54.67474747474748
1.3450580365E9	54.0
1.3529009405E9	0.0
1.3607438445E9	59.34967221146443
1.3685867485E9	59.57040572792363
1.3764296525E9	0.0
1.3842725565E9	58.30140845070422
1.3904948495E9	59.53846153846154
1.3944163015E9	0.0
1.3999583645E9	56.839285714285715
1.4078012685E9	60.0
1.4156441725E9	0.0
1.4234870765E9	60.0
1.4313299805E9	60.0
1.4391728845E9	59.76923076923077
1.4470157885E9	59.6319018404908
1.4548586925E9	60.0
1.4627015965E9	60.0
1.4705445005E9	59.41060903732809
1.4783874045E9	0.0
1.4862303085E9	0.0
1.4940732125E9	0.0
1.5019161165E9	60.0
1.5097590205E9	60.0
1.5176019245E9	60.0
1.5254448285E9	60.0
1.5332877325E9	0.0
1.5411306365E9	60.0
1.5465591695E9	0.0
1.5504806215E9	60.0
1.5568164445E9	59.73770491803279
1.5646593485E9	0.0
1.5725022525E9	47.0
1.5803451565E9	59.884393063583815
1.5881880605E9	59.72093023255814
1.5960309645E9	0.0
1.6038738685E9	44.0
1.6117167725E9	59.620253164556964
1.6195596765E9	0.0
1.6274025805E9	57.19526627218935
1.6352454845E9	52.697560975609754
1.6430883885E9	60.0
1.6509312925E9	59.620253164556964
1.6587741965E9	0.0
1.6666171005E9	59.044585987261144
1.6744600045E9	60.0
1.6823029085E9	60.0
1.6901458125E9	55.07751937984496
1.6942487685E9	0.0
1.6981702205E9	59.7029702970297
1.7058316205E9	58.48803191489362
1.7136745245E9	60.0
1.7215174285E9	0.0
1.7293603325E9	56.81029810298103
1.7372032365E9	0.0
1.7450461405E9	0.0
1.7528890445E9	0.0
1.7607319485E9	0.0
1.7685748525E9	59.47826086956522
1.7764177565E9	60.0
1.7842606605E9	0.0
1.7921035645E9	60.0
1.7999464685E9	0.0
1.8077893725E9	59.55
1.8156322765E9	0.0
1.8234751805E9	60.0
1.8313180845E9	58.15180040030915
1.83544162E9	0.0
1.839363072E9	57.47899159663866
1.8470038925E9	59.51417004048583
1.8548467965E9	0.0
1.8626897005E9	59.3717277486911
1.8705326045E9	60.0
1.8783755085E9	42.45038167938932
1.8862184125E9	58.07843137254902
1.8940613165E9	47.0
1.9019042205E9	59.8051948051948
1.9097471245E9	59.541984732824424
1.9175900285E9	60.0
1.9254329325E9	59.21052631578947
1.9332758365E9	59.03225806451613
1.9411187405E9	49.0
1.9489616445E9	21.698630136986303
1.9568045485E9	52.53533190578158
1.9646474525E9	0.0
1.9698736775E9	37.0
1.9737951295E9	58.81499336456951
1.9803332605E9	59.14719471947195
1.9881761645E9	60.0
1.9960190685E9	0.0
2.0038619725E9	59.23194748358862
2.0117048765E9	0.0
2.0195477805E9	60.0
2.0273906845E9	0.0
2.0352335885E9	59.50769230769231
2.0430764925E9	59.57446808510638
2.0509193965E9	42.43523316062176
2.0587623005E9	60.0
2.0666052045E9	0.0
2.0744481085E9	0.0
2.0822910125E9	0.0
2.0901339165E9	59.714058776806986
2.0979768205E9	60.0
2.1040416195E9	59.354838709677416
2.1079630715E9	59.54887218045113
2.1136626285E9	60.0
2.1215055325E9	0.0
2.1293484365E9	0.0
2.1371913405E9	0.0
2.1450342445E9	0.0
2.1528771485E9	59.71563981042654
2.1607200525E9	60.0
2.1685629565E9	52.073170731707314
2.1764058605E9	40.544444444444444
2.1842487645E9	0.0
2.1920916685E9	0.0
2.1999345725E9	59.36395759717315
2.2077774765E9	0.0
2.2156203805E9	59.01315789473684
2.2234632845E9	0.0
2.2313061885E9	59.361932803406184
2.237632251E9	59.12280701754386
2.241553703E9	0.0
2.2469919965E9	0.0
2.2548349005E9	0.0
2.2626778045E9	60.0
2.2705207085E9	59.361567221286926
2.2783636125E9	32.0655737704918
2.2862065165E9	57.38461538461539
2.2940494205E9	59.830028328611895
2.3018923245E9	40.6436170212766
2.3097352285E9	0.0
2.3175781325E9	59.09090909090909
2.3254210365E9	0.0
2.3332639405E9	49.03030303030303
2.3411068445E9	60.0
2.3489497485E9	31.804347826086957
2.35403897E9	59.482312338222606
2.357960422E9	0.0
2.3646355565E9	0.0
2.3724784605E9	0.0
2.3803213645E9	58.63636363636363
2.3881642685E9	0.0
2.3960071725E9	0.0
2.4038500765E9	0.0
2.4116929805E9	0.0
2.4195358845E9	0.0
2.4273787885E9	59.657794676806084
2.4352216925E9	59.62264150943396
2.4430645965E9	43.92887029288703
2.4509075005E9	60.0
2.458692616E9	58.791806020066886
2.462614068E9	0.0
2.4665933085E9	0.0
2.4744362125E9	0.0
2.4822791165E9	37.703125
2.4901220205E9	60.0
2.4979649245E9	0.0
2.5058078285E9	57.66044776119403
2.5136507325E9	60.0
2.5214936365E9	59.5360824742268
2.5293365405E9	0.0
2.5371794445E9	50.70676691729323
2.5450223485E9	59.623824451410655
2.5528652525E9	58.79396984924623
2.5607081565E9	54.10931174089069
2.56485864E9	0.0
2.568780092E9	57.52272727272727
2.5763939645E9	0.0
2.5842368685E9	57.4290780141844
2.5920797725E9	48.419213973799124
2.5999226765E9	0.0
2.6077655805E9	0.0
2.6156084845E9	60.0
2.6234513885E9	0.0
2.6312942925E9	58.568767908309454
2.6391371965E9	55.39869281045752
2.6469801005E9	0.0
2.6531719885E9	58.52459016393443
2.6570934405E9	51.69032258064516
2.6626659085E9	58.38461538461539
2.6705088125E9	59.186440677966104
2.6783517165E9	57.69827586206897
2.6861946205E9	46.0
2.6940375245E9	59.52666173257207
2.7018804285E9	59.645669291338585
2.7097233325E9	60.0
2.7175662365E9	59.11330049261084
2.7254091405E9	33.0
2.7329841135E9	59.715016441359154
2.7369055655E9	0.0
2.7410949485E9	59.7
2.7489378525E9	58.07367099204688
2.7567807565E9	0.0
2.7646236605E9	0.0
2.7724665645E9	60.0
2.7803094685E9	59.464285714285715
2.7881523725E9	0.0
2.7959952765E9	59.81072555205047
2.8038381805E9	55.6578947368421
2.8112372575E9	60.0
2.8151587095E9	31.0
2.8195239885E9	60.0
2.8273668925E9	0.0
2.8352097965E9	58.57142857142857
2.8430527005E9	59.78221415607985
2.8508956045E9	59.70443349753695
2.8587385085E9	59.51252416296537
2.8665814125E9	60.0
2.8741216335E9	57.8335832083958
2.8780430855E9	0.0
2.8822672205E9	0.0
2.8901101245E9	0.0
2.8979530285E9	0.0
2.9057959325E9	0.0
2.9136388365E9	0.0
2.9214817405E9	0.0
2.9293246445E9	0.0
2.9351800325E9	0.0
2.9391014845E9	57.509536784741144
2.9450104525E9	55.701877934272304
2.9528533565E9	60.0
2.9606962605E9	0.0
2.9685391645E9	60.0
2.9763820685E9	52.933171324422844
2.9842249725E9	54.75974025974026
2.9920678765E9	59.769673704414586
2.99611614E9	0.0
3.000037592E9	0.0
3.0077536845E9	0.0
3.0155965885E9	0.0
3.0234394925E9	60.0
3.0312823965E9	59.8116169544741
3.0391253005E9	60.0
3.045297135E9	59.4
3.049218587E9	0.0
3.0548111085E9	0.0
3.0626540125E9	0.0
3.0704969165E9	60.0
3.0783398205E9	59.66759002770083
3.0861827245E9	59.130434782608695
3.0928907945E9	59.668508287292816
3.0968122465E9	0.0
3.09927653E9	0.0
3.1030226785E9	0.0
3.105614681E9	0.0
3.1080123665E9	0.0
3.1119338185E9	0.0
3.11427545E9	0.0
3.1172291565E9	0.0
3.120508047E9	0.0
3.122814039E9	0.0
3.1264574835E9	0.0
3.129040689E9	0.0
3.129881103E9	0.0
3.1307387225E9	0.0
3.1313076835E9	0.0
3.131687018E9	0.0
3.131888339E9	0.0
3.132078968E9	0.0
3.13226738E9	0.0
3.132454328E9	0.0
3.1326411875E9	0.0
3.1328260645E9	0.0
3.13300774E9	0.0
3.133187814E9	0.0
3.1333672595E9	0.0
3.1335441525E9	0.0
3.133717719E9	0.0
3.1338901385E9	0.0
3.13406236E9	0.0
3.1342333715E9	0.0
3.1344015915E9	0.0
3.134566994E9	0.0
3.1347300145E9	58.98876404494382
3.134891489E9	0.0
3.135051647E9	0.0
3.13520893E9	0.0
3.1353554875E9	0.0
3.1354889065E9	0.0
3.1356176535E9	0.0
3.135735057E9	0.0
3.135834618E9	0.0
3.135926005E9	0.0
3.1360117025E9	0.0
3.136075328E9	0.0
3.136121232E9	0.0
3.136166011E9	0.0
3.136209618E9	0.0
3.13625305E9	0.0
3.1362957965E9	0.0
3.1363378395E9	0.0
3.136379773E9	0.0
3.13642124E9	0.0
3.1364620665E9	0.0
3.136502658E9	0.0
3.136542975E9	0.0
3.136582996E9	0.0
3.13662293E9	0.0
3.1366627875E9	0.0
3.1367021375E9	0.0
3.1367408455E9	0.0
3.1367791735E9	0.0
3.1368169995E9	0.0
3.136854336E9	0.0
3.136891249E9	0.0
3.1369277855E9	0.0
3.1369640705E9	0.0
3.1369993815E9	0.0
3.1370335305E9	0.0
3.1370642835E9	0.0
3.1370918175E9	0.0
3.137115467E9	0.0
3.137133709E9	0.0
3.1371494985E9	0.0
3.1371591335E9	0.0
